1726209854466 2.8 0
1726209861693 2.3 0
1726209868855 3.7 0
1726209876112 4.5 0
1726209883450 4.1 0
1726209890683 3.4 0
1726209897957 3.8 0
1726209905405 3.2 0
1726209912728 1.0 0
1726209920129 3.3 0
1726209927381 3.2 0
1726209934535 3.5 0
1726209941716 4.1 0
1726209948916 3.8 0
1726209956145 4.0 0
1726209963434 3.9 0
1726209970660 3.3 0
1726209977751 2.8 0
1726209984955 1.4 0
1726209992221 3.8 0
1726209999469 3.5 0
1726210006711 2.2 0
1726210013884 3.1 0
1726210021008 3.0 0
1726210028249 4.0 0
1726210035637 3.8 0
1726210042788 3.9 0
1726210049991 3.9 0
1726210057139 3.5 0
1726210064423 2.6 0
1726210071567 1.4 0
1726210078820 2.5 0
1726210086113 3.5 0
1726210093476 3.2 0
1726210100909 2.9 0
1726210108045 4.2 0
1726210115223 3.5 0
1726210122534 2.5 0
1726210129743 3.6 0
1726210136948 3.4 0
1726210144368 3.8 0
1726210151700 3.5 0
1726210159259 3.3 0
1726210166593 1.8 0
1726210173766 3.1 0
1726210181045 4.0 0
1726210188400 3.0 0
1726210195591 3.1 0
1726210202883 3.3 0
1726210210123 2.3 0
1726210217444 3.3 0
1726210224691 3.3 0
1726210231906 4.1 0
1726210239024 4.6 0
1726210246347 2.6 0
1726210253546 2.1 0
1726210260882 3.5 0
1726210268079 1.7 0
1726210275361 4.3 0
1726210282700 2.1 0
1726210293397 3.6 0
1726210300712 2.8 0
1726210307910 2.4 0
1726210315203 3.4 0
1726210322429 4.9 0
1726210329818 2.1 0
1726210337050 2.8 0
1726210344435 2.6 0
1726210351685 3.4 0
1726210359187 3.4 0
1726210366336 3.5 0
1726210373695 3.2 0
1726210381021 2.1 0
1726210388489 3.3 0
1726210395819 3.3 0
1726210403013 3.7 0
1726210410274 3.3 0
1726210417502 3.4 0
1726210424882 3.2 0
1726210432232 2.0 0
1726210439512 2.7 0
1726210446842 4.1 0
1726210453963 3.2 0
1726210461194 4.2 0
1726210468449 2.6 0
1726210475655 4.3 0
1726210482836 3.0 0
1726210490179 4.4 0
1726210497543 2.2 0
1726210504729 3.3 0
1726210512012 3.3 0
1726210519242 3.4 0
1726210526515 3.6 0
1726210533962 3.6 0
1726210541166 3.8 0
1726210548507 3.2 0
1726210555968 3.4 0
1726210563306 4.0 0
1726210570641 3.4 0
1726210577978 3.9 0
1726210585187 3.2 0
1726210592486 3.6 0
1726210599973 2.0 0
1726210607222 3.4 0
1726210614550 2.4 0
1726210621931 2.6 0
1726210629191 2.0 0
1726210636487 3.7 0
1726210643708 3.9 0
1726210651032 2.6 0
1726210658345 3.0 0
1726210665636 3.8 0
1726210672969 3.3 0
1726210680397 4.0 0
1726210687736 2.5 0
1726210695075 2.6 0
1726210702443 3.8 0
1726210709818 2.7 0
1726210716923 3.7 0
1726210724201 4.2 0
1726210735086 0.9 0
1726210742301 2.5 0
1726210749567 3.3 0
1726210756848 3.3 0
1726210764227 3.4 0
1726210771567 1.8 0
1726210778861 2.7 0
1726210786209 3.2 0
1726210793396 3.0 0
1726210800574 3.3 0
1726210807801 2.7 0
1726210815042 2.6 0
1726210822272 3.9 0
1726210829597 3.1 0
1726210837081 4.0 0
1726210844391 3.2 0
1726210851627 3.0 0
1726210858839 3.7 0
1726210866162 3.4 0
1726210873488 3.3 0
1726210880713 3.4 0
1726210888030 2.5 0
1726210895325 2.7 0
1726210902589 3.5 0
1726210910027 3.2 0
1726210917333 4.0 0
1726210925267 2.2 0
1726210933203 2.2 0
1726210940755 3.9 0
1726210948263 3.8 0
1726210955996 2.5 0
1726210963715 1.4 0
1726210971938 2.0 0
1726210979556 1.9 0
1726210986859 3.3 0
1726210994225 1.7 0
1726211001665 3.1 0
1726211008881 4.1 0
1726211016202 2.4 0
1726211024109 3.8 0
1726211031413 3.4 0
1726211039044 1.6 0
1726211046440 3.3 0
1726211054041 4.5 0
1726211061584 2.3 0
1726211068860 2.3 0
1726211076454 3.0 0
1726211084191 4.2 0
1726211091837 3.6 0
1726211099770 2.9 0
1726211107390 3.2 0
1726211115120 3.2 0
1726211122957 2.8 0
1726211130946 0.6 0
1726211138659 1.4 0
1726211146749 3.0 0
1726211153969 3.7 0
1726211161280 2.7 0
1726211168551 2.5 0
1726211175874 1.8 0
1726211186550 3.4 0
1726211193766 3.2 0
1726211201347 3.2 0
1726211208720 3.1 0
1726211215934 2.8 0
1726211223228 2.3 0
1726211230475 3.4 0
1726211237814 3.8 0
1726211245123 4.4 0
1726211252519 0.5 0
1726211259996 1.2 0
1726211267262 3.0 0
1726211274514 3.2 0
1726211281915 3.2 0
1726211289272 3.6 0
1726211296490 2.9 0
1726211303845 3.5 0
1726211311031 3.4 0
1726211318228 3.6 0
1726211325595 4.1 0
1726211332859 4.6 0
1726211340257 2.3 0
1726211347679 4.2 0
1726211355003 2.7 0
1726211362375 3.7 0
1726211369936 4.0 0
1726211377150 3.5 0
1726211384500 4.1 0
1726211391956 3.3 0
1726211399336 2.6 0
1726211406667 4.1 0
1726211414017 3.3 0
1726211421478 3.2 0
1726211428827 4.3 0
1726211436203 4.1 0
1726211443457 4.0 0
1726211450860 3.9 0
1726211458156 4.0 0
1726211465311 2.8 0
1726211472568 1.9 0
1726211479900 4.0 0
1726211487197 2.4 0
1726211494550 3.7 0
1726211501895 3.8 0
1726211509214 2.4 0
1726211516650 2.4 0
1726211523979 3.0 0
1726211531267 2.8 0
1726211538437 4.4 0
1726211545626 3.6 0
1726211552948 3.2 0
1726211560337 3.5 0
1726211567658 3.8 0
1726211574910 2.4 0
1726211582190 3.3 0
1726211589392 2.1 0
1726211596759 3.3 0
1726211603985 3.6 0
1726211611363 3.3 0
1726211618636 3.3 0
1726211629391 3.4 0
1726211636679 3.7 0
1726211643985 4.4 0
1726211651272 2.4 0
1726211658629 3.2 0
1726211665968 2.5 0
1726211673236 2.9 0
1726211680614 2.4 0
1726211687813 3.1 0
1726211695101 3.1 0
1726211702404 3.4 0
1726211709596 3.5 0
1726211716837 1.1 0
1726211724105 2.2 0
1726211731338 2.8 0
1726211738678 2.7 0
1726211746065 2.3 0
1726211753507 1.1 0
1726211760904 2.4 0
1726211768404 3.3 0
1726211775666 3.8 0
1726211782965 2.4 0
1726211790346 1.6 0
1726211797636 3.2 0
1726211804939 3.1 0
1726211812227 3.1 0
1726211819474 3.9 0
1726211826937 3.5 0
1726211834342 2.9 0
1726211841603 3.2 0
1726211848994 2.8 0
1726211856386 2.3 0
1726211863861 2.6 0
1726211871240 3.4 0
1726211878524 2.5 0
1726211886031 2.3 0
1726211893375 2.9 0
1726211900854 3.2 0
1726211908252 2.8 0
1726211915733 3.9 0
1726211923189 3.2 0
1726211930566 2.7 0
1726211937964 2.7 0
1726211945312 4.1 0
1726211952514 3.1 0
1726211959822 3.4 0
1726211967236 3.1 0
1726211974434 2.3 0
1726211981769 3.3 0
1726211989103 3.6 0
1726211996607 2.5 0
1726212004018 0.4 0
1726212011443 4.3 0
1726212019089 2.1 0
1726212026492 2.0 0
1726212033841 2.9 0
1726212041356 2.4 0
1726212048829 2.7 0
1726212056213 3.1 0
1726212063605 2.3 0
