1726209854490 4.859352111816406 0
1726209861714 4.900485992431641 0
1726209868892 4.8726654052734375 0
1726209876134 4.868274688720703 0
1726209883471 4.884635925292969 0
1726209890704 4.864665985107422 0
1726209897977 4.860771179199219 0
1726209905432 4.853313446044922 0
1726209912886 4.8882598876953125 0
1726209920153 4.912818908691406 0
1726209927412 4.881526947021484 0
1726209934558 4.9522857666015625 0
1726209941742 4.877986907958984 0
1726209948942 4.856220245361328 0
1726209956171 4.864154815673828 0
1726209963457 4.849952697753906 0
1726209970687 4.840145111083984 0
1726209977783 4.880718231201172 0
1726209984979 4.8897247314453125 0
1726209992241 4.831439971923828 0
1726209999500 4.910488128662109 0
1726210006737 4.826580047607422 0
1726210013911 4.8971405029296875 0
1726210021037 4.846160888671875 0
1726210028283 4.808246612548828 0
1726210035660 4.849124908447266 0
1726210042808 4.909950256347656 0
1726210050023 4.845207214355469 0
1726210057168 4.908355712890625 0
1726210064451 4.931285858154297 0
1726210071595 4.888240814208984 0
1726210078841 4.8891143798828125 0
1726210086132 4.9430694580078125 0
1726210093505 4.868293762207031 0
1726210100936 4.856040954589844 0
1726210108076 4.850597381591797 0
1726210115251 4.873020172119141 0
1726210122557 4.887012481689453 0
1726210129767 4.903133392333984 0
1726210136979 4.842979431152344 0
1726210144395 4.897243499755859 0
1726210151725 4.928352355957031 0
1726210159291 4.854766845703125 0
1726210166622 4.9327392578125 0
1726210173794 4.911613464355469 0
1726210181076 4.923370361328125 0
1726210188432 4.898017883300781 0
1726210195627 4.945716857910156 0
1726210202908 4.858543395996094 0
1726210210150 4.902683258056641 0
1726210217468 4.937145233154297 0
1726210224714 4.8785247802734375 0
1726210231931 4.9156341552734375 0
1726210239055 4.890209197998047 0
1726210246379 4.867401123046875 0
1726210253569 4.850978851318359 0
1726210260912 4.901557922363281 0
1726210268107 4.961311340332031 0
1726210275385 4.927745819091797 0
1726210282721 4.974273681640625 0
1726210293428 4.940402984619141 0
1726210300739 4.906940460205078 0
1726210307937 4.901607513427734 0
1726210315230 4.9078826904296875 0
1726210322461 4.9375457763671875 0
1726210329849 4.891460418701172 0
1726210337075 4.864006042480469 0
1726210344465 4.889823913574219 0
1726210351708 4.874275207519531 0
1726210359209 4.853031158447266 0
1726210366365 4.855106353759766 0
1726210373724 4.856319427490234 0
1726210381047 4.817371368408203 0
1726210388520 4.941043853759766 0
1726210395851 4.906341552734375 0
1726210403043 4.834911346435547 0
1726210410305 4.806011199951172 0
1726210417535 4.819866180419922 0
1726210424903 4.791664123535156 0
1726210432266 4.860260009765625 0
1726210439538 4.813621520996094 0
1726210446870 4.765449523925781 0
1726210453993 4.746307373046875 0
1726210461225 4.8101959228515625 0
1726210468477 4.774940490722656 0
1726210475686 4.7572784423828125 0
1726210482868 4.817150115966797 0
1726210490206 4.7792816162109375 0
1726210497572 4.871799468994141 0
1726210504755 4.8319091796875 0
1726210512044 4.77545166015625 0
1726210519277 4.8451995849609375 0
1726210526544 4.7261962890625 0
1726210533988 4.825080871582031 0
1726210541194 4.791221618652344 0
1726210548538 4.777427673339844 0
1726210555991 4.789756774902344 0
1726210563333 4.787807464599609 0
1726210570669 4.753257751464844 0
1726210578001 4.802402496337891 0
1726210585207 4.836421966552734 0
1726210592508 4.827129364013672 0
1726210600008 4.7469482421875 0
1726210607254 4.7186279296875 0
1726210614587 4.768684387207031 0
1726210621965 4.804706573486328 0
1726210629219 4.761051177978516 0
1726210636517 4.809406280517578 0
1726210643735 4.7800445556640625 0
1726210651064 4.817028045654297 0
1726210658373 4.763847351074219 0
1726210665659 4.8243408203125 0
1726210672996 4.711399078369141 0
1726210680427 4.708106994628906 0
1726210687766 4.720432281494141 0
1726210695104 4.798633575439453 0
1726210702464 4.806209564208984 0
1726210709840 4.7917022705078125 0
1726210716956 4.765796661376953 0
1726210724222 4.770118713378906 0
1726210735117 4.764308929443359 0
1726210742326 4.75714111328125 0
1726210749597 4.816741943359375 0
1726210756883 4.812660217285156 0
1726210764251 4.792167663574219 0
1726210771593 4.7748260498046875 0
1726210778889 4.809528350830078 0
1726210786233 4.875988006591797 0
1726210793424 4.805057525634766 0
1726210800599 4.771961212158203 0
1726210807828 4.798572540283203 0
1726210815065 4.744853973388672 0
1726210822298 4.771732330322266 0
1726210829622 4.757991790771484 0
1726210837106 4.781879425048828 0
1726210844414 4.778511047363281 0
1726210851653 4.720088958740234 0
1726210858864 4.988117218017578 0
1726210866189 4.966464996337891 0
1726210873520 4.82501220703125 0
1726210880741 4.751354217529297 0
1726210888060 4.7653045654296875 0
1726210895356 4.761871337890625 0
1726210902611 4.731220245361328 0
1726210910056 4.755470275878906 0
1726210917363 4.8489837646484375 0
1726210925298 4.853870391845703 0
1726210933235 4.781562805175781 0
1726210940777 4.726116180419922 0
1726210948288 4.7535247802734375 0
1726210956025 4.769752502441406 0
1726210963747 4.822113037109375 0
1726210971971 4.790771484375 0
1726210979586 4.745944976806641 0
1726210986888 4.825305938720703 0
1726210994250 4.8403778076171875 0
1726211001696 4.801799774169922 0
1726211008913 4.830226898193359 0
1726211016224 4.765964508056641 0
1726211024135 4.8375091552734375 0
1726211031435 4.819244384765625 0
1726211039072 4.761203765869141 0
1726211046463 4.7530364990234375 0
1726211054074 4.744636535644531 0
1726211061616 4.780517578125 0
1726211068892 4.859504699707031 0
1726211076477 4.827613830566406 0
1726211084223 4.797393798828125 0
1726211091871 4.790988922119141 0
1726211099803 4.725238800048828 0
1726211107422 4.723812103271484 0
1726211115146 4.716861724853516 0
1726211122989 4.726585388183594 0
1726211130978 4.751190185546875 0
1726211138691 4.823249816894531 0
1726211146779 4.858592987060547 0
1726211153996 4.802982330322266 0
1726211161303 4.801929473876953 0
1726211168583 4.790138244628906 0
1726211175900 4.772514343261719 0
1726211186572 4.752422332763672 0
1726211193796 4.7269439697265625 0
1726211201376 4.743309020996094 0
1726211208751 4.7664642333984375 0
1726211215961 4.829334259033203 0
1726211223257 4.8794708251953125 0
1726211230507 4.876312255859375 0
1726211237838 4.8292236328125 0
1726211245141 4.789463043212891 0
1726211252550 4.752887725830078 0
1726211260026 4.861820220947266 0
1726211267292 4.786460876464844 0
1726211274545 4.727367401123047 0
1726211281946 4.743610382080078 0
1726211289295 4.7760467529296875 0
1726211296521 4.783329010009766 0
1726211303869 4.836509704589844 0
1726211311060 4.809268951416016 0
1726211318261 4.827640533447266 0
1726211325622 4.753814697265625 0
1726211332890 4.766265869140625 0
1726211340288 4.660064697265625 0
1726211347710 4.735435485839844 0
1726211355033 4.8097076416015625 0
1726211362406 4.822795867919922 0
1726211369960 4.797107696533203 0
1726211377178 4.770114898681641 0
1726211384527 4.735797882080078 0
1726211391980 4.696006774902344 0
1726211399367 4.666469573974609 0
1726211406688 4.809246063232422 0
1726211414050 4.754608154296875 0
1726211421502 4.781002044677734 0
1726211428857 4.766231536865234 0
1726211436228 4.705223083496094 0
1726211443481 4.715736389160156 0
1726211450893 4.758937835693359 0
1726211458179 4.763771057128906 0
1726211465341 4.700309753417969 0
1726211472592 4.727993011474609 0
1726211479929 4.724884033203125 0
1726211487222 4.736972808837891 0
1726211494578 4.784557342529297 0
1726211501914 4.789710998535156 0
1726211509244 4.767242431640625 0
1726211516682 4.79364013671875 0
1726211524009 4.796871185302734 0
1726211531288 4.784271240234375 0
1726211538468 4.726005554199219 0
1726211545657 4.765998840332031 0
1726211552974 4.865550994873047 0
1726211560367 4.788883209228516 0
1726211567680 4.789634704589844 0
1726211574932 4.757835388183594 0
1726211582221 4.7735443115234375 0
1726211589416 4.795963287353516 0
1726211596794 4.729949951171875 0
1726211604018 4.691120147705078 0
1726211611388 4.76617431640625 0
1726211618665 4.766319274902344 0
1726211629419 4.737644195556641 0
1726211636704 4.750419616699219 0
1726211644017 4.7267608642578125 0
1726211651296 4.772945404052734 0
1726211658650 4.7544097900390625 0
1726211665989 4.778522491455078 0
1726211673264 4.777133941650391 0
1726211680637 4.76953125 0
1726211687836 4.7324676513671875 0
1726211695133 4.736869812011719 0
1726211702436 4.697319030761719 0
1726211709628 4.780303955078125 0
1726211716857 4.799659729003906 0
1726211724125 4.741878509521484 0
1726211731370 4.692501068115234 0
1726211738707 4.697505950927734 0
1726211746093 4.768032073974609 0
1726211753530 4.752643585205078 0
1726211760934 4.796039581298828 0
1726211768429 4.816337585449219 0
1726211775682 4.798015594482422 0
1726211782995 4.798957824707031 0
1726211790372 4.8565216064453125 0
1726211797659 4.891658782958984 0
1726211804960 4.812404632568359 0
1726211812248 4.750186920166016 0
1726211819499 4.676551818847656 0
1726211826968 4.758571624755859 0
1726211834372 4.8037567138671875 0
1726211841631 4.810199737548828 0
1726211849024 4.758964538574219 0
1726211856408 4.741020202636719 0
1726211863892 4.738346099853516 0
1726211871261 4.791633605957031 0
1726211878556 4.752452850341797 0
1726211886067 4.7310638427734375 0
1726211893393 4.7610015869140625 0
1726211900877 4.935028076171875 0
1726211908273 4.799560546875 0
1726211915754 4.796440124511719 0
1726211923213 4.842517852783203 0
1726211930597 4.839179992675781 0
1726211937988 4.803035736083984 0
1726211945340 4.8485260009765625 0
1726211952536 4.770301818847656 0
1726211959848 4.8585052490234375 0
1726211967264 4.737300872802734 0
1726211974454 4.864448547363281 0
1726211981793 4.81756591796875 0
1726211989135 4.807903289794922 0
1726211996629 4.861576080322266 0
1726212004031 4.778591156005859 0
1726212011474 4.716194152832031 0
1726212019119 4.801292419433594 0
1726212026523 4.717128753662109 0
1726212033869 4.76739501953125 0
1726212041386 4.704399108886719 0
1726212048859 4.781391143798828 0
1726212056236 4.716411590576172 0
1726212063636 4.781574249267578 0
