1726209854486 7.6549072265625 0
1726209861711 7.6549072265625 0
1726209868885 7.6549072265625 0
1726209876129 7.6549072265625 0
1726209883467 7.6549072265625 0
1726209890700 7.6549072265625 0
1726209897973 7.6549072265625 0
1726209905426 7.6549072265625 0
1726209912746 7.6549072265625 0
1726209920149 7.6549072265625 0
1726209927407 7.6549072265625 0
1726209934553 7.6549072265625 0
1726209941738 7.6549072265625 0
1726209948937 7.6549072265625 0
1726209956165 7.6549072265625 0
1726209963453 7.6549072265625 0
1726209970681 7.6549072265625 0
1726209977776 7.6549072265625 0
1726209984973 7.6549072265625 0
1726209992237 7.6549072265625 0
1726209999495 7.6549072265625 0
1726210006732 7.6549072265625 0
1726210013905 7.6549072265625 0
1726210021031 7.6549072265625 0
1726210028278 7.6549072265625 0
1726210035654 7.6549072265625 0
1726210042804 7.6549072265625 0
1726210050017 7.6549072265625 0
1726210057163 7.6549072265625 0
1726210064446 7.6549072265625 0
1726210071590 7.6549072265625 0
1726210078838 7.6549072265625 0
1726210086128 7.6549072265625 0
1726210093500 7.6549072265625 0
1726210100931 7.6549072265625 0
1726210108070 7.6549072265625 0
1726210115245 7.6549072265625 0
1726210122552 7.6549072265625 0
1726210129762 7.6549072265625 0
1726210136973 7.6549072265625 0
1726210144389 7.6549072265625 0
1726210151719 7.6549072265625 0
1726210159285 7.6549072265625 0
1726210166616 7.6549072265625 0
1726210173788 7.6549072265625 0
1726210181069 7.6549072265625 0
1726210188426 7.6549072265625 0
1726210195621 7.6549072265625 0
1726210202903 7.6549072265625 0
1726210210145 7.6549072265625 0
1726210217463 7.6549072265625 0
1726210224708 7.6549072265625 0
1726210231926 7.6549072265625 0
1726210239050 7.6549072265625 0
1726210246373 7.6549072265625 0
1726210253564 7.6549072265625 0
1726210260906 7.6549072265625 0
1726210268101 7.6549072265625 0
1726210275380 7.6549072265625 0
1726210282717 7.6549072265625 0
1726210293421 7.6549072265625 0
1726210300733 7.6549072265625 0
1726210307931 7.6549072265625 0
1726210315224 7.6549072265625 0
1726210322456 7.6549072265625 0
1726210329843 7.6549072265625 0
1726210337070 7.6549072265625 0
1726210344459 7.6549072265625 0
1726210351702 7.6549072265625 0
1726210359204 7.6549072265625 0
1726210366360 7.6549072265625 0
1726210373718 7.6549072265625 0
1726210381041 7.6549072265625 0
1726210388514 7.6549072265625 0
1726210395845 7.6549072265625 0
1726210403036 7.6549072265625 0
1726210410300 7.6549072265625 0
1726210417529 7.6549072265625 0
1726210424899 7.6549072265625 0
1726210432260 7.6549072265625 0
1726210439532 7.6549072265625 0
1726210446864 7.6549072265625 0
1726210453987 7.6549072265625 0
1726210461218 7.6549072265625 0
1726210468471 7.6549072265625 0
1726210475680 7.6549072265625 0
1726210482862 7.6549072265625 0
1726210490201 7.6549072265625 0
1726210497566 7.6549072265625 0
1726210504749 7.6549072265625 0
1726210512038 7.6549072265625 0
1726210519271 7.6549072265625 0
1726210526539 7.6549072265625 0
1726210533983 7.6549072265625 0
1726210541189 7.6549072265625 0
1726210548532 7.6549072265625 0
1726210555986 7.6549072265625 0
1726210563328 7.6549072265625 0
1726210570663 7.6549072265625 0
1726210577996 7.6549072265625 0
1726210585203 7.6549072265625 0
1726210592505 7.6549072265625 0
1726210600002 7.6549072265625 0
1726210607247 7.6549072265625 0
1726210614581 7.6549072265625 0
1726210621959 7.6549072265625 0
1726210629214 7.6549072265625 0
1726210636512 7.6549072265625 0
1726210643729 7.6549072265625 0
1726210651058 7.6549072265625 0
1726210658367 7.6549072265625 0
1726210665654 7.6549072265625 0
1726210672990 7.6549072265625 0
1726210680421 7.6549072265625 0
1726210687760 7.6549072265625 0
1726210695098 7.6549072265625 0
1726210702460 7.6549072265625 0
1726210709836 7.6549072265625 0
1726210716949 7.6549072265625 0
1726210724218 7.6549072265625 0
1726210735111 7.6549072265625 0
1726210742321 7.6549072265625 0
1726210749591 7.6549072265625 0
1726210756877 7.6549072265625 0
1726210764247 7.6549072265625 0
1726210771587 7.6549072265625 0
1726210778883 7.6549072265625 0
1726210786227 7.6549072265625 0
1726210793418 7.6549072265625 0
1726210800594 7.6549072265625 0
1726210807823 7.6549072265625 0
1726210815060 7.6549072265625 0
1726210822292 7.6549072265625 0
1726210829617 7.6549072265625 0
1726210837102 7.6549072265625 0
1726210844410 7.6549072265625 0
1726210851647 7.6549072265625 0
1726210858859 7.6549072265625 0
1726210866184 7.6549072265625 0
1726210873514 7.6549072265625 0
1726210880736 7.6549072265625 0
1726210888055 7.6549072265625 0
1726210895350 7.6549072265625 0
1726210902606 7.6549072265625 0
1726210910050 7.6549072265625 0
1726210917357 7.6549072265625 0
1726210925291 7.6549072265625 0
1726210933230 7.6549072265625 0
1726210940773 7.6549072265625 0
1726210948284 7.6549072265625 0
1726210956019 7.6549072265625 0
1726210963742 7.6549072265625 0
1726210971964 7.6549072265625 0
1726210979580 7.6549072265625 0
1726210986883 7.6549072265625 0
1726210994245 7.6549072265625 0
1726211001690 7.6549072265625 0
1726211008906 7.6549072265625 0
1726211016220 7.6549072265625 0
1726211024130 7.6549072265625 0
1726211031431 7.6549072265625 0
1726211039066 7.6549072265625 0
1726211046458 7.6549072265625 0
1726211054068 7.6549072265625 0
1726211061610 7.6549072265625 0
1726211068886 7.6549072265625 0
1726211076472 7.6549072265625 0
1726211084216 7.6549072265625 0
1726211091865 7.6549072265625 0
1726211099796 7.6549072265625 0
1726211107416 7.6549072265625 0
1726211115141 7.6549072265625 0
1726211122982 7.6549072265625 0
1726211130971 7.6549072265625 0
1726211138685 7.6549072265625 0
1726211146773 7.6549072265625 0
1726211153991 7.6549072265625 0
1726211161297 7.6549072265625 0
1726211168577 7.6549072265625 0
1726211175894 7.6549072265625 0
1726211186569 7.6549072265625 0
1726211193791 7.6549072265625 0
1726211201371 7.6549072265625 0
1726211208746 7.6549072265625 0
1726211215956 7.6549072265625 0
1726211223251 7.6549072265625 0
1726211230501 7.6549072265625 0
1726211237832 7.6549072265625 0
1726211245136 7.6549072265625 0
1726211252545 7.6549072265625 0
1726211260020 7.6549072265625 0
1726211267287 7.6549072265625 0
1726211274539 7.6549072265625 0
1726211281940 7.6549072265625 0
1726211289290 7.6549072265625 0
1726211296516 7.6549072265625 0
1726211303863 7.6549072265625 0
1726211311055 7.6549072265625 0
1726211318255 7.6549072265625 0
1726211325616 7.6549072265625 0
1726211332885 7.6549072265625 0
1726211340282 7.6549072265625 0
1726211347704 7.6549072265625 0
1726211355028 7.6549072265625 0
1726211362400 7.6549072265625 0
1726211369955 7.6549072265625 0
1726211377173 7.6549072265625 0
1726211384522 7.6549072265625 0
1726211391975 7.6549072265625 0
1726211399361 7.6549072265625 0
1726211406684 7.6549072265625 0
1726211414044 7.6549072265625 0
1726211421497 7.6549072265625 0
1726211428851 7.6549072265625 0
1726211436223 7.6549072265625 0
1726211443476 7.6549072265625 0
1726211450887 7.6549072265625 0
1726211458174 7.6549072265625 0
1726211465335 7.6549072265625 0
1726211472587 7.6549072265625 0
1726211479923 7.6549072265625 0
1726211487217 7.6549072265625 0
1726211494573 7.6549072265625 0
1726211501911 7.6549072265625 0
1726211509239 7.6549072265625 0
1726211516676 7.6549072265625 0
1726211524003 7.6549072265625 0
1726211531284 7.6549072265625 0
1726211538462 7.6549072265625 0
1726211545651 7.6549072265625 0
1726211552969 7.6549072265625 0
1726211560361 7.6549072265625 0
1726211567675 7.6549072265625 0
1726211574927 7.6549072265625 0
1726211582216 7.6549072265625 0
1726211589411 7.6549072265625 0
1726211596788 7.6549072265625 0
1726211604012 7.6549072265625 0
1726211611382 7.6549072265625 0
1726211618659 7.6549072265625 0
1726211629414 7.6549072265625 0
1726211636700 7.6549072265625 0
1726211644011 7.6549072265625 0
1726211651291 7.6549072265625 0
1726211658646 7.6549072265625 0
1726211665985 7.6549072265625 0
1726211673259 7.6549072265625 0
1726211680633 7.6549072265625 0
1726211687831 7.6549072265625 0
1726211695126 7.6549072265625 0
1726211702430 7.6549072265625 0
1726211709622 7.6549072265625 0
1726211716853 7.6549072265625 0
1726211724121 7.6549072265625 0
1726211731363 7.6549072265625 0
1726211738701 7.6549072265625 0
1726211746087 7.6549072265625 0
1726211753524 7.6549072265625 0
1726211760928 7.6549072265625 0
1726211768424 7.6549072265625 0
1726211775678 7.6549072265625 0
1726211782989 7.6549072265625 0
1726211790367 7.6549072265625 0
1726211797654 7.6549072265625 0
1726211804956 7.6549072265625 0
1726211812243 7.6549072265625 0
1726211819494 7.6549072265625 0
1726211826963 7.6549072265625 0
1726211834365 7.6549072265625 0
1726211841625 7.6549072265625 0
1726211849018 7.6549072265625 0
1726211856404 7.6549072265625 0
1726211863886 7.6549072265625 0
1726211871257 7.6549072265625 0
1726211878549 7.6549072265625 0
1726211886061 7.6549072265625 0
1726211893390 7.6549072265625 0
1726211900872 7.6549072265625 0
1726211908269 7.6549072265625 0
1726211915751 7.6549072265625 0
1726211923208 7.6549072265625 0
1726211930591 7.6549072265625 0
1726211937984 7.6549072265625 0
1726211945335 7.6549072265625 0
1726211952530 7.6549072265625 0
1726211959843 7.6549072265625 0
1726211967258 7.6549072265625 0
1726211974450 7.6549072265625 0
1726211981788 7.6549072265625 0
1726211989128 7.6549072265625 0
1726211996624 7.6549072265625 0
1726212004028 7.6549072265625 0
1726212011468 7.6549072265625 0
1726212019114 7.6549072265625 0
1726212026517 7.6549072265625 0
1726212033863 7.6549072265625 0
1726212041380 7.6549072265625 0
1726212048853 7.6549072265625 0
1726212056232 7.6549072265625 0
1726212063630 7.6549072265625 0
