1726209854480 36.5 0
1726209861706 36.0 0
1726209868876 36.3 0
1726209876124 36.4 0
1726209883463 36.2 0
1726209890694 36.5 0
1726209897967 36.5 0
1726209905420 36.6 0
1726209912741 36.1 0
1726209920143 35.8 0
1726209927399 36.2 0
1726209934547 35.3 0
1726209941731 36.3 0
1726209948930 36.6 0
1726209956159 36.5 0
1726209963447 36.6 0
1726209970674 36.8 0
1726209977768 36.2 0
1726209984967 36.1 0
1726209992233 36.9 0
1726209999486 35.9 0
1726210006725 36.9 0
1726210013899 36.0 0
1726210021024 36.7 0
1726210028267 37.2 0
1726210035648 36.7 0
1726210042800 35.9 0
1726210050008 36.7 0
1726210057156 35.9 0
1726210064440 35.6 0
1726210071581 36.1 0
1726210078833 36.1 0
1726210086123 35.4 0
1726210093491 36.4 0
1726210100924 36.6 0
1726210108062 36.6 0
1726210115238 36.3 0
1726210122546 36.2 0
1726210129756 35.9 0
1726210136963 36.7 0
1726210144383 36.0 0
1726210151713 35.6 0
1726210159273 36.6 0
1726210166609 35.6 0
1726210173781 35.8 0
1726210181063 35.7 0
1726210188419 36.0 0
1726210195612 35.4 0
1726210202896 36.5 0
1726210210137 36.0 0
1726210217456 35.5 0
1726210224702 36.3 0
1726210231919 35.8 0
1726210239041 36.1 0
1726210246364 36.4 0
1726210253559 36.6 0
1726210260898 36.0 0
1726210268093 35.2 0
1726210275374 35.6 0
1726210282711 35.0 0
1726210293412 35.5 0
1726210300725 35.9 0
1726210307925 36.0 0
1726210315217 35.9 0
1726210322448 35.5 0
1726210329836 36.1 0
1726210337061 36.5 0
1726210344451 36.1 0
1726210351696 36.3 0
1726210359198 36.6 0
1726210366353 36.6 0
1726210373710 36.6 0
1726210381034 37.1 0
1726210388506 35.5 0
1726210395838 35.9 0
1726210403028 36.8 0
1726210410292 37.2 0
1726210417521 37.0 0
1726210424894 37.4 0
1726210432252 36.5 0
1726210439525 37.1 0
1726210446857 37.7 0
1726210453979 38.0 0
1726210461210 37.2 0
1726210468464 37.6 0
1726210475671 37.9 0
1726210482855 37.1 0
1726210490193 37.6 0
1726210497559 36.4 0
1726210504742 36.9 0
1726210512029 37.6 0
1726210519262 36.7 0
1726210526532 38.3 0
1726210533976 37.0 0
1726210541182 37.4 0
1726210548524 37.6 0
1726210555979 37.4 0
1726210563320 37.5 0
1726210570656 37.9 0
1726210577989 37.3 0
1726210585198 36.8 0
1726210592499 36.9 0
1726210599994 38.0 0
1726210607239 38.4 0
1726210614571 37.7 0
1726210621949 37.2 0
1726210629207 37.8 0
1726210636504 37.2 0
1726210643721 37.6 0
1726210651050 37.1 0
1726210658359 37.8 0
1726210665648 37.0 0
1726210672984 38.5 0
1726210680413 38.5 0
1726210687752 38.3 0
1726210695090 37.3 0
1726210702455 37.2 0
1726210709830 37.4 0
1726210716941 37.7 0
1726210724212 37.7 0
1726210735103 37.8 0
1726210742314 37.9 0
1726210749583 37.1 0
1726210756869 37.1 0
1726210764240 37.4 0
1726210771581 37.6 0
1726210778877 37.2 0
1726210786221 36.3 0
1726210793412 37.2 0
1726210800587 37.7 0
1726210807815 37.3 0
1726210815054 38.0 0
1726210822286 37.7 0
1726210829610 37.8 0
1726210837093 37.5 0
1726210844404 37.6 0
1726210851641 38.3 0
1726210858853 34.8 0
1726210866177 35.1 0
1726210873504 37.0 0
1726210880728 37.9 0
1726210888048 37.7 0
1726210895342 37.8 0
1726210902600 38.2 0
1726210910041 37.9 0
1726210917349 36.7 0
1726210925283 36.6 0
1726210933222 37.5 0
1726210940768 38.3 0
1726210948278 37.9 0
1726210956011 37.7 0
1726210963733 37.0 0
1726210971953 37.4 0
1726210979572 38.0 0
1726210986875 37.0 0
1726210994238 36.8 0
1726211001682 37.3 0
1726211008897 36.9 0
1726211016214 37.7 0
1726211024123 36.8 0
1726211031424 37.0 0
1726211039059 37.8 0
1726211046452 37.9 0
1726211054058 38.0 0
1726211061602 37.5 0
1726211068878 36.5 0
1726211076467 36.9 0
1726211084208 37.3 0
1726211091856 37.4 0
1726211099787 38.3 0
1726211107408 38.3 0
1726211115134 38.4 0
1726211122972 38.3 0
1726211130960 37.9 0
1726211138676 37.0 0
1726211146765 36.5 0
1726211153984 37.3 0
1726211161291 37.3 0
1726211168569 37.4 0
1726211175888 37.7 0
1726211186563 37.9 0
1726211193784 38.2 0
1726211201363 38.0 0
1726211208738 37.7 0
1726211215949 36.9 0
1726211223243 36.3 0
1726211230493 36.3 0
1726211237826 36.9 0
1726211245129 37.4 0
1726211252537 37.9 0
1726211260013 36.5 0
1726211267280 37.5 0
1726211274532 38.2 0
1726211281932 38.0 0
1726211289284 37.6 0
1726211296508 37.5 0
1726211303857 36.8 0
1726211311047 37.2 0
1726211318246 36.9 0
1726211325610 37.9 0
1726211332877 37.7 0
1726211340275 39.1 0
1726211347697 38.1 0
1726211355020 37.2 0
1726211362392 37.0 0
1726211369949 37.3 0
1726211377167 37.7 0
1726211384515 38.1 0
1726211391970 38.7 0
1726211399352 39.0 0
1726211406680 37.2 0
1726211414036 37.9 0
1726211421491 37.5 0
1726211428845 37.7 0
1726211436218 38.5 0
1726211443469 38.4 0
1726211450880 37.8 0
1726211458169 37.8 0
1726211465327 38.6 0
1726211472582 38.2 0
1726211479915 38.3 0
1726211487209 38.1 0
1726211494567 37.5 0
1726211501906 37.4 0
1726211509229 37.7 0
1726211516666 37.4 0
1726211523996 37.3 0
1726211531279 37.5 0
1726211538455 38.3 0
1726211545641 37.7 0
1726211552962 36.4 0
1726211560354 37.4 0
1726211567670 37.4 0
1726211574921 37.8 0
1726211582208 37.6 0
1726211589405 37.3 0
1726211596779 38.2 0
1726211604004 38.7 0
1726211611375 37.7 0
1726211618652 37.7 0
1726211629406 38.1 0
1726211636694 37.9 0
1726211644002 38.3 0
1726211651285 37.6 0
1726211658641 37.9 0
1726211665980 37.6 0
1726211673252 37.6 0
1726211680627 37.7 0
1726211687825 38.2 0
1726211695119 38.1 0
1726211702422 38.6 0
1726211709614 37.6 0
1726211716848 37.3 0
1726211724117 38.1 0
1726211731355 38.7 0
1726211738694 38.6 0
1726211746080 37.7 0
1726211753518 37.9 0
1726211760921 37.3 0
1726211768417 37.1 0
1726211775673 37.3 0
1726211782982 37.3 0
1726211790360 36.6 0
1726211797647 36.1 0
1726211804952 37.1 0
1726211812238 37.9 0
1726211819486 38.9 0
1726211826954 37.8 0
1726211834357 37.2 0
1726211841618 37.2 0
1726211849010 37.8 0
1726211856400 38.1 0
1726211863878 38.1 0
1726211871252 37.4 0
1726211878542 37.9 0
1726211886050 38.2 0
1726211893384 37.8 0
1726211900867 35.5 0
1726211908263 37.3 0
1726211915746 37.3 0
1726211923201 36.7 0
1726211930583 36.8 0
1726211937978 37.3 0
1726211945328 36.7 0
1726211952525 37.7 0
1726211959836 36.5 0
1726211967251 38.1 0
1726211974445 36.5 0
1726211981782 37.1 0
1726211989120 37.2 0
1726211996620 36.5 0
1726212004024 37.6 0
1726212011460 38.4 0
1726212019106 37.3 0
1726212026510 38.4 0
1726212033856 37.7 0
1726212041372 38.5 0
1726212048846 37.5 0
1726212056225 38.4 0
1726212063621 37.5 0
