1726210734058 0.255 0
1726210741275 0.251 1
1726210748546 0.243 2
1726210755828 0.239 3
1726210763204 0.243 4
1726210770543 0.243 5
1726210777839 0.241 6
1726210785186 0.243 7
1726210792373 0.235 8
1726210799550 0.234 9
1726210806782 0.247 10
1726210814020 0.244 11
1726210821251 0.243 12
1726210828578 0.241 13
1726210836058 0.236 14
1726210843372 0.243 15
1726210850605 0.243 16
1726210857820 0.245 17
1726210865136 0.239 18
1726210872464 0.232 19
1726210879696 0.239 20
1726210887006 0.233 21
1726210894304 0.237 22
1726210901569 0.245 23
1726210909007 0.239 24
1726210916314 0.243 25
1726210924237 0.25 26
1726210932171 0.242 27
1726210939735 0.239 28
1726210947243 0.238 29
1726210954977 0.234 30
1726210962684 0.239 31
1726210970917 0.239 32
1726210978532 0.237 33
1726210985833 0.237 34
1726210993189 0.233 35
1726211000647 0.23 36
1726211007860 0.241 37
1726211015183 0.237 38
1726211023091 0.237 39
1726211030394 0.231 40
1726211038024 0.226 41
1726211045413 0.225 42
1726211053026 0.23 43
1726211060561 0.222 44
1726211067837 0.218 45
1726211075430 0.221 46
1726211083174 0.221 47
1726211090821 0.221 48
1726211098745 0.225 49
1726211106362 0.219 50
1726211114097 0.219 51
1726211121934 0.213 52
1726211129912 0.223 53
1726211137619 0.224 54
1726211145731 0.221 55
1726211152954 0.218 56
1726211160263 0.217 57
1726211167526 0.22 58
1726211174849 0.217 59
