1726211185530 0.243 0
1726211192741 0.242 1
1726211200329 0.233 2
1726211207702 0.23 3
1726211214911 0.222 4
1726211222205 0.228 5
1726211229460 0.22 6
1726211236793 0.234 7
1726211244104 0.24 8
1726211251495 0.231 9
1726211258971 0.235 10
1726211266236 0.228 11
1726211273496 0.228 12
1726211280898 0.233 13
1726211288253 0.225 14
1726211295466 0.224 15
1726211302824 0.225 16
1726211310013 0.228 17
1726211317204 0.229 18
1726211324579 0.233 19
1726211331840 0.227 20
1726211339232 0.229 21
1726211346656 0.229 22
1726211353982 0.223 23
1726211361356 0.226 24
1726211368915 0.225 25
1726211376126 0.23 26
1726211383482 0.229 27
1726211390937 0.226 28
1726211398317 0.229 29
1726211405647 0.226 30
1726211412996 0.226 31
1726211420453 0.231 32
1726211427806 0.225 33
1726211435183 0.225 34
1726211442436 0.222 35
1726211449840 0.222 36
1726211457133 0.223 37
1726211464287 0.224 38
1726211471549 0.228 39
1726211478879 0.218 40
1726211486172 0.221 41
1726211493530 0.225 42
1726211500881 0.226 43
1726211508194 0.224 44
1726211515626 0.218 45
1726211522958 0.207 46
1726211530245 0.21 47
1726211537421 0.21 48
1726211544605 0.21 49
1726211551922 0.211 50
1726211559312 0.207 51
1726211566635 0.207 52
1726211573891 0.212 53
1726211581167 0.204 54
1726211588362 0.212 55
1726211595733 0.208 56
1726211602965 0.211 57
1726211610342 0.207 58
1726211617611 0.207 59
