1726210292376 0.269 0
1726210299694 0.264 1
1726210306886 0.264 2
1726210314185 0.258 3
1726210321410 0.259 4
1726210328794 0.264 5
1726210336028 0.259 6
1726210343409 0.256 7
1726210350667 0.255 8
1726210358166 0.258 9
1726210365318 0.25 10
1726210372675 0.254 11
1726210379995 0.254 12
1726210387471 0.254 13
1726210394795 0.256 14
1726210401996 0.251 15
1726210409252 0.257 16
1726210416480 0.256 17
1726210423859 0.25 18
1726210431210 0.251 19
1726210438493 0.255 20
1726210445819 0.25 21
1726210452942 0.255 22
1726210460175 0.255 23
1726210467429 0.256 24
1726210474630 0.255 25
1726210481819 0.251 26
1726210489159 0.254 27
1726210496522 0.25 28
1726210503706 0.248 29
1726210510989 0.243 30
1726210518221 0.244 31
1726210525492 0.235 32
1726210532933 0.234 33
1726210540141 0.24 34
1726210547480 0.236 35
1726210554953 0.24 36
1726210562282 0.233 37
1726210569616 0.235 38
1726210576950 0.239 39
1726210584166 0.234 40
1726210591465 0.231 41
1726210598928 0.233 42
1726210606201 0.235 43
1726210613514 0.233 44
1726210620907 0.237 45
1726210628160 0.231 46
1726210635457 0.232 47
1726210642680 0.23 48
1726210650003 0.236 49
1726210657320 0.231 50
1726210664615 0.236 51
1726210671951 0.228 52
1726210679370 0.232 53
1726210686709 0.229 54
1726210694048 0.23 55
1726210701419 0.229 56
1726210708802 0.22 57
1726210715904 0.231 58
1726210723181 0.23 59
