1726209853442 0.294 0
1726209860669 0.286 1
1726209867839 0.285 2
1726209875090 0.28 3
1726209882429 0.282 4
1726209889662 0.278 5
1726209896938 0.28 6
1726209904385 0.277 7
1726209911708 0.286 8
1726209919104 0.283 9
1726209926358 0.278 10
1726209933520 0.277 11
1726209940698 0.276 12
1726209947896 0.282 13
1726209955127 0.28 14
1726209962413 0.273 15
1726209969638 0.276 16
1726209976733 0.277 17
1726209983934 0.269 18
1726209991200 0.269 19
1726209998448 0.275 20
1726210005694 0.27 21
1726210012862 0.27 22
1726210019985 0.269 23
1726210027228 0.267 24
1726210034612 0.273 25
1726210041767 0.273 26
1726210048970 0.273 27
1726210056115 0.264 28
1726210063403 0.273 29
1726210070539 0.265 30
1726210077802 0.264 31
1726210085090 0.268 32
1726210092453 0.262 33
1726210099891 0.269 34
1726210107022 0.272 35
1726210114205 0.274 36
1726210121517 0.266 37
1726210128722 0.266 38
1726210135926 0.261 39
1726210143347 0.266 40
1726210150679 0.265 41
1726210158238 0.269 42
1726210165569 0.274 43
1726210172741 0.263 44
1726210180022 0.263 45
1726210187377 0.263 46
1726210194569 0.269 47
1726210201857 0.262 48
1726210209097 0.264 49
1726210216426 0.26 50
1726210223671 0.266 51
1726210230884 0.261 52
1726210238005 0.261 53
1726210245330 0.259 54
1726210252509 0.258 55
1726210259861 0.264 56
1726210267057 0.261 57
1726210274342 0.254 58
1726210281677 0.259 59
