1726211628370 0.221 0
1726211635663 0.224 1
1726211642967 0.215 2
1726211650250 0.226 3
1726211657605 0.228 4
1726211664945 0.221 5
1726211672216 0.219 6
1726211679593 0.218 7
1726211686793 0.219 8
1726211694078 0.221 9
1726211701385 0.219 10
1726211708574 0.222 11
1726211715813 0.214 12
1726211723076 0.218 13
1726211730314 0.223 14
1726211737642 0.22 15
1726211745040 0.219 16
1726211752478 0.217 17
1726211759881 0.22 18
1726211767380 0.218 19
1726211774650 0.22 20
1726211781934 0.221 21
1726211789323 0.213 22
1726211796611 0.215 23
1726211803916 0.221 24
1726211811202 0.216 25
1726211818447 0.225 26
1726211825914 0.222 27
1726211833317 0.215 28
1726211840578 0.216 29
1726211847968 0.218 30
1726211855361 0.213 31
1726211862836 0.214 32
1726211870218 0.212 33
1726211877494 0.222 34
1726211885005 0.22 35
1726211892353 0.212 36
1726211899827 0.213 37
1726211907225 0.216 38
1726211914713 0.22 39
1726211922162 0.224 40
1726211929539 0.218 41
1726211936937 0.212 42
1726211944285 0.215 43
1726211951485 0.217 44
1726211958800 0.213 45
1726211966206 0.211 46
1726211973407 0.217 47
1726211980744 0.221 48
1726211988075 0.219 49
1726211995583 0.21 50
1726212002961 0.213 51
1726212010423 0.209 52
1726212018051 0.211 53
1726212025473 0.207 54
1726212032812 0.204 55
1726212040338 0.206 56
1726212047799 0.205 57
1726212055184 0.198 58
1726212062575 0.201 59
