1726209484423 2.8 0
1726209490377 1.5 0
1726209496223 4.4 0
1726209502149 2.6 0
1726209508048 3.4 0
1726209513895 3.7 0
1726209519766 3.6 0
1726209525540 3.3 0
1726209531389 2.1 0
1726209537275 4.2 0
1726209543118 2.7 0
1726209549011 2.8 0
1726209554856 3.2 0
1726209560835 0.9 0
1726209566680 3.7 0
1726209572554 4.3 0
1726209578525 3.3 0
1726209584539 3.3 0
1726209590549 3.3 0
1726209596495 1.8 0
1726209602463 2.3 0
1726209608453 3.1 0
1726209614428 3.9 0
1726209620266 4.0 0
1726209626176 3.9 0
1726209631995 2.5 0
1726209637954 4.3 0
1726209643965 3.1 0
1726209649900 3.6 0
1726209655732 3.5 0
1726209661666 2.9 0
1726209667661 1.4 0
1726209673569 3.6 0
1726209679538 2.3 0
1726209685512 3.8 0
1726209691455 2.1 0
1726209697332 3.4 0
1726209703181 4.2 0
1726209709114 3.1 0
1726209715129 3.7 0
1726209721074 4.4 0
