1726209484450 7.6549072265625 0
1726209490395 7.6549072265625 0
1726209496248 7.6549072265625 0
1726209502166 7.6549072265625 0
1726209508066 7.6549072265625 0
1726209513911 7.6549072265625 0
1726209519793 7.6549072265625 0
1726209525560 7.6549072265625 0
1726209531406 7.6549072265625 0
1726209537302 7.6549072265625 0
1726209543142 7.6549072265625 0
1726209549027 7.6549072265625 0
1726209554872 7.6549072265625 0
1726209560853 7.6549072265625 0
1726209566702 7.6549072265625 0
1726209572579 7.6549072265625 0
1726209578550 7.6549072265625 0
1726209584563 7.6549072265625 0
1726209590579 7.6549072265625 0
1726209596512 7.6549072265625 0
1726209602487 7.6549072265625 0
1726209608471 7.6549072265625 0
1726209614453 7.6549072265625 0
1726209620290 7.6549072265625 0
1726209626194 7.6549072265625 0
1726209632022 7.6549072265625 0
1726209637967 7.6549072265625 0
1726209643982 7.6549072265625 0
1726209649923 7.6549072265625 0
1726209655754 7.6549072265625 0
1726209661683 7.6549072265625 0
1726209667679 7.6549072265625 0
1726209673595 7.6549072265625 0
1726209679558 7.6549072265625 0
1726209685538 7.6549072265625 0
1726209691472 7.6549072265625 0
1726209697357 7.6549072265625 0
1726209703199 7.6549072265625 0
1726209709134 7.6549072265625 0
1726209715153 7.6549072265625 0
1726209721090 7.6549072265625 0
