1726209484441 36.2 0
1726209490390 36.2 0
1726209496239 36.0 0
1726209502161 35.7 0
1726209508060 36.2 0
1726209513907 36.6 0
1726209519785 36.5 0
1726209525554 35.8 0
1726209531401 36.7 0
1726209537294 35.3 0
1726209543133 35.8 0
1726209549023 35.7 0
1726209554868 36.2 0
1726209560847 36.8 0
1726209566694 36.3 0
1726209572571 36.4 0
1726209578541 36.2 0
1726209584556 36.4 0
1726209590570 36.6 0
1726209596506 35.6 0
1726209602478 36.3 0
1726209608465 36.9 0
1726209614445 36.8 0
1726209620283 36.4 0
1726209626189 35.6 0
1726209632013 36.7 0
1726209637962 35.8 0
1726209643977 37.1 0
1726209649914 35.5 0
1726209655747 36.9 0
1726209661678 36.8 0
1726209667674 36.5 0
1726209673585 36.5 0
1726209679552 36.5 0
1726209685529 36.6 0
1726209691467 37.3 0
1726209697349 37.4 0
1726209703193 37.0 0
1726209709127 36.7 0
1726209715143 36.3 0
1726209721086 37.0 0
