1726209484456 4.883152008056641 0
1726209490399 4.885242462158203 0
1726209496254 4.898807525634766 0
1726209502171 4.925640106201172 0
1726209508070 4.884624481201172 0
1726209513915 4.855495452880859 0
1726209519800 4.858676910400391 0
1726209525566 4.917240142822266 0
1726209531410 4.843036651611328 0
1726209537308 4.950660705566406 0
1726209543149 4.917320251464844 0
1726209549031 4.924701690673828 0
1726209554876 4.8850250244140625 0
1726209560857 4.835472106933594 0
1726209566709 4.8779449462890625 0
1726209572585 4.865234375 0
1726209578557 4.880130767822266 0
1726209584569 4.868114471435547 0
1726209590586 4.8499603271484375 0
1726209596516 4.93170166015625 0
1726209602492 4.879604339599609 0
1726209608476 4.832256317138672 0
1726209614458 4.8356475830078125 0
1726209620296 4.869907379150391 0
1726209626197 4.9283905029296875 0
1726209632027 4.843009948730469 0
1726209637972 4.91522216796875 0
1726209643986 4.8117218017578125 0
1726209649930 4.934864044189453 0
1726209655759 4.8291473388671875 0
1726209661686 4.840396881103516 0
1726209667683 4.863407135009766 0
1726209673600 4.8622894287109375 0
1726209679564 4.858238220214844 0
1726209685544 4.849536895751953 0
1726209691476 4.798347473144531 0
1726209697362 4.788158416748047 0
1726209703204 4.8219757080078125 0
1726209709139 4.845085144042969 0
1726209715159 4.878406524658203 0
1726209721094 4.823299407958984 0
