1726209483401 0.294 0
1726209489348 0.292 1
1726209495202 0.286 2
1726209501127 0.284 3
1726209507027 0.283 4
1726209512875 0.279 5
1726209518744 0.286 6
1726209524524 0.293 7
1726209530367 0.287 8
1726209536251 0.279 9
1726209542097 0.279 10
1726209547987 0.276 11
1726209553833 0.286 12
1726209559801 0.278 13
1726209565656 0.276 14
1726209571540 0.277 15
1726209577497 0.276 16
1726209583512 0.277 17
1726209589526 0.278 18
1726209595467 0.274 19
1726209601440 0.272 20
1726209607435 0.268 21
1726209613407 0.268 22
1726209619243 0.28 23
1726209625150 0.278 24
1726209630973 0.28 25
1726209636931 0.27 26
1726209642945 0.278 27
1726209648884 0.273 28
1726209654712 0.275 29
1726209660643 0.273 30
1726209666629 0.26 31
1726209672543 0.264 32
1726209678514 0.27 33
1726209684486 0.272 34
1726209690429 0.263 35
1726209696317 0.258 36
1726209702162 0.262 37
1726209708094 0.259 38
1726209714105 0.262 39
1726209720053 0.254 40
