1726206390068 2.9 0
1726206392277 3.8 0
1726206394563 3.7 0
1726206396854 3.0 0
1726206399103 4.0 0
1726206401356 2.7 0
1726206403652 3.3 0
1726206405891 3.4 0
1726206408091 3.2 0
1726206410501 3.1 0
1726206412801 3.9 0
1726206415030 1.7 0
1726206417258 3.9 0
1726206419449 2.6 0
1726206421635 3.9 0
1726206423912 3.3 0
1726206426141 3.1 0
1726206428383 2.7 0
1726206430660 3.7 0
1726206432907 3.3 0
1726206437637 3.1 0
1726206439917 3.3 0
1726206442108 4.2 0
1726206444334 2.5 0
1726206446601 1.9 0
1726206448797 3.4 0
1726206451015 3.4 0
1726206453219 2.5 0
1726206455414 3.2 0
1726206457639 3.4 0
1726206459864 2.7 0
1726206462044 3.7 0
1726206464256 3.2 0
1726206466520 3.5 0
1726206468724 3.5 0
1726206471007 1.5 0
1726206473239 4.3 0
1726206475517 3.3 0
1726206477740 2.4 0
1726206479941 2.1 0
1726206484363 0.8 0
1726206486713 3.8 0
1726206488952 2.5 0
1726206491263 2.8 0
1726206493538 4.1 0
1726206495848 2.9 0
1726206498141 2.1 0
1726206500415 3.5 0
1726206502629 3.2 0
1726206504846 3.7 0
1726206507127 2.1 0
1726206509427 1.6 0
1726206511694 3.6 0
1726206514081 2.9 0
1726206516425 3.1 0
1726206518668 3.5 0
1726206520921 3.5 0
1726206523208 4.2 0
1726206525459 2.3 0
1726206527728 3.2 0
1726206532214 2.8 0
1726206534478 3.1 0
1726206536769 1.6 0
1726206539052 3.4 0
1726206541336 3.3 0
1726206543564 2.9 0
1726206545752 3.4 0
1726206547987 2.4 0
1726206550157 3.3 0
1726206552359 3.8 0
1726206554569 3.0 0
1726206556768 2.9 0
1726206559037 2.9 0
1726206561333 3.0 0
1726206563578 2.9 0
1726206565778 3.7 0
1726206567978 3.4 0
1726206570249 3.5 0
1726206572464 2.7 0
1726206574683 3.0 0
1726206579067 3.2 0
1726206581250 3.4 0
1726206583420 3.5 0
1726206585716 1.4 0
1726206587999 2.4 0
1726206590240 3.0 0
1726206592511 3.3 0
1726206594844 2.7 0
1726206597097 2.4 0
1726206599400 3.0 0
1726206601586 3.3 0
1726206603785 3.1 0
1726206605973 2.6 0
1726206608238 2.3 0
1726206610556 2.7 0
1726206612773 3.0 0
1726206615052 2.7 0
1726206617277 2.8 0
1726206619564 3.0 0
1726206621802 3.2 0
