1726206390087 5.941272735595703 0
1726206392314 5.944755554199219 0
1726206394585 5.939937591552734 0
1726206396876 5.9109954833984375 0
1726206399131 5.898265838623047 0
1726206401388 5.887416839599609 0
1726206403683 5.857521057128906 0
1726206405911 5.876644134521484 0
1726206408122 5.955898284912109 0
1726206410532 5.947303771972656 0
1726206412828 5.962749481201172 0
1726206415057 5.870704650878906 0
1726206417278 5.837860107421875 0
1726206419469 5.940196990966797 0
1726206421664 5.937080383300781 0
1726206423932 5.916694641113281 0
1726206426167 5.849010467529297 0
1726206428404 5.880077362060547 0
1726206430688 5.929267883300781 0
1726206432939 5.885204315185547 0
1726206437665 5.827232360839844 0
1726206439947 5.820636749267578 0
1726206442128 5.821586608886719 0
1726206444355 5.796695709228516 0
1726206446632 5.782493591308594 0
1726206448819 5.866344451904297 0
1726206451047 5.8319091796875 0
1726206453240 5.826381683349609 0
1726206455445 5.8022918701171875 0
1726206457669 5.7927398681640625 0
1726206459884 5.730289459228516 0
1726206462078 5.771144866943359 0
1726206464277 5.746952056884766 0
1726206466541 5.755466461181641 0
1726206468748 5.765354156494141 0
1726206471038 5.799793243408203 0
1726206473269 5.834339141845703 0
1726206475540 5.780246734619141 0
1726206477761 5.775337219238281 0
1726206479976 5.771873474121094 0
1726206484393 5.749011993408203 0
1726206486734 5.762256622314453 0
1726206488984 5.760547637939453 0
1726206491289 5.807994842529297 0
1726206493569 5.730499267578125 0
1726206495881 5.759654998779297 0
1726206498163 5.751087188720703 0
1726206500436 5.744174957275391 0
1726206502649 5.782691955566406 0
1726206504876 5.829193115234375 0
1726206507158 5.859092712402344 0
1726206509459 5.873432159423828 0
1726206511720 5.807590484619141 0
1726206514115 5.848514556884766 0
1726206516456 5.7776336669921875 0
1726206518693 5.7676849365234375 0
1726206520951 5.793781280517578 0
1726206523228 5.810062408447266 0
1726206525490 5.826385498046875 0
1726206527761 5.800254821777344 0
1726206532241 5.7653656005859375 0
1726206534510 5.809406280517578 0
1726206536792 5.807392120361328 0
1726206539085 5.774349212646484 0
1726206541362 5.7630462646484375 0
1726206543595 5.787082672119141 0
1726206545772 5.771476745605469 0
1726206548017 5.7822113037109375 0
1726206550185 5.738628387451172 0
1726206552378 5.699291229248047 0
1726206554588 5.702121734619141 0
1726206556799 5.710025787353516 0
1726206559070 5.670520782470703 0
1726206561354 5.716587066650391 0
1726206563599 5.842197418212891 0
1726206565799 5.814380645751953 0
1726206568001 5.828037261962891 0
1726206570272 5.7940673828125 0
1726206572484 5.795940399169922 0
1726206574712 5.775928497314453 0
1726206579091 5.730522155761719 0
1726206581272 5.783397674560547 0
1726206583446 5.7723236083984375 0
1726206585744 5.777393341064453 0
1726206588026 5.770114898681641 0
1726206590267 5.797756195068359 0
1726206592541 5.754795074462891 0
1726206594876 5.8223724365234375 0
1726206597130 5.762126922607422 0
1726206599421 5.7619476318359375 0
1726206601607 5.709007263183594 0
1726206603808 5.709087371826172 0
1726206606002 5.7158203125 0
1726206608269 5.709358215332031 0
1726206610588 5.735248565673828 0
1726206612804 5.699348449707031 0
1726206615082 5.762393951416016 0
1726206617298 5.782360076904297 0
1726206619590 5.746799468994141 0
1726206621833 5.704639434814453 0
