1726206390075 22.4 0
1726206392293 22.3 0
1726206394575 22.4 0
1726206396866 22.8 0
1726206399116 22.9 0
1726206401375 23.1 0
1726206403670 23.5 0
1726206405903 23.2 0
1726206408105 22.2 0
1726206410518 22.3 0
1726206412815 22.1 0
1726206415043 23.3 0
1726206417270 23.7 0
1726206419461 22.4 0
1726206421651 22.4 0
1726206423923 22.7 0
1726206426155 23.6 0
1726206428395 23.2 0
1726206430674 22.5 0
1726206432925 23.1 0
1726206437652 23.9 0
1726206439933 24.0 0
1726206442119 23.9 0
1726206444345 24.3 0
1726206446619 24.5 0
1726206448809 23.4 0
1726206451034 23.8 0
1726206453232 23.9 0
1726206455432 24.2 0
1726206457654 24.3 0
1726206459876 25.1 0
1726206462063 24.6 0
1726206464269 24.9 0
1726206466531 24.8 0
1726206468736 24.7 0
1726206471025 24.2 0
1726206473254 23.8 0
1726206475529 24.5 0
1726206477751 24.6 0
1726206479961 24.6 0
1726206484379 24.9 0
1726206486723 24.7 0
1726206488968 24.7 0
1726206491277 24.1 0
1726206493555 25.1 0
1726206495868 24.8 0
1726206498154 24.9 0
1726206500427 25.0 0
1726206502640 24.5 0
1726206504860 23.9 0
1726206507141 23.5 0
1726206509444 23.3 0
1726206511708 24.1 0
1726206514101 23.6 0
1726206516443 24.5 0
1726206518682 24.7 0
1726206520939 24.3 0
1726206523219 24.1 0
1726206525473 23.9 0
1726206527748 24.2 0
1726206532228 24.7 0
1726206534496 24.1 0
1726206536781 24.1 0
1726206539070 24.6 0
1726206541350 24.7 0
1726206543581 24.4 0
1726206545764 24.6 0
1726206548003 24.5 0
1726206550171 25.0 0
1726206552371 25.5 0
1726206554581 25.5 0
1726206556784 25.4 0
1726206559054 25.9 0
1726206561346 25.3 0
1726206563589 23.7 0
1726206565788 24.0 0
1726206567989 23.9 0
1726206570261 24.3 0
1726206572475 24.3 0
1726206574699 24.5 0
1726206579080 25.1 0
1726206581262 24.4 0
1726206583434 24.6 0
1726206585732 24.5 0
1726206588013 24.6 0
1726206590255 24.3 0
1726206592527 24.8 0
1726206594863 23.9 0
1726206597115 24.7 0
1726206599412 24.7 0
1726206601598 25.4 0
1726206603797 25.4 0
1726206605990 25.3 0
1726206608256 25.4 0
1726206610574 25.1 0
1726206612791 25.5 0
1726206615069 24.7 0
1726206617289 24.5 0
1726206619578 24.9 0
1726206621820 25.5 0
