1726206390081 7.6549072265625 0
1726206392306 7.6549072265625 0
1726206394580 7.6549072265625 0
1726206396872 7.6549072265625 0
1726206399125 7.6549072265625 0
1726206401383 7.6549072265625 0
1726206403678 7.6549072265625 0
1726206405907 7.6549072265625 0
1726206408116 7.6549072265625 0
1726206410527 7.6549072265625 0
1726206412822 7.6549072265625 0
1726206415051 7.6549072265625 0
1726206417274 7.6549072265625 0
1726206419466 7.6549072265625 0
1726206421659 7.6549072265625 0
1726206423928 7.6549072265625 0
1726206426162 7.6549072265625 0
1726206428400 7.6549072265625 0
1726206430682 7.6549072265625 0
1726206432933 7.6549072265625 0
1726206437659 7.6549072265625 0
1726206439941 7.6549072265625 0
1726206442124 7.6549072265625 0
1726206444351 7.6549072265625 0
1726206446626 7.6549072265625 0
1726206448814 7.6549072265625 0
1726206451042 7.6549072265625 0
1726206453237 7.6549072265625 0
1726206455440 7.6549072265625 0
1726206457663 7.6549072265625 0
1726206459881 7.6549072265625 0
1726206462072 7.6549072265625 0
1726206464273 7.6549072265625 0
1726206466536 7.6549072265625 0
1726206468742 7.6549072265625 0
1726206471033 7.6549072265625 0
1726206473263 7.6549072265625 0
1726206475535 7.6549072265625 0
1726206477757 7.6549072265625 0
1726206479969 7.6549072265625 0
1726206484387 7.6549072265625 0
1726206486729 7.6549072265625 0
1726206488978 7.6549072265625 0
1726206491284 7.6549072265625 0
1726206493563 7.6549072265625 0
1726206495876 7.6549072265625 0
1726206498159 7.6549072265625 0
1726206500432 7.6549072265625 0
1726206502645 7.6549072265625 0
1726206504869 7.6549072265625 0
1726206507152 7.6549072265625 0
1726206509453 7.6549072265625 0
1726206511714 7.6549072265625 0
1726206514109 7.6549072265625 0
1726206516450 7.6549072265625 0
1726206518688 7.6549072265625 0
1726206520946 7.6549072265625 0
1726206523224 7.6549072265625 0
1726206525482 7.6549072265625 0
1726206527755 7.6549072265625 0
1726206532235 7.6549072265625 0
1726206534504 7.6549072265625 0
1726206536787 7.6549072265625 0
1726206539079 7.6549072265625 0
1726206541357 7.6549072265625 0
1726206543590 7.6549072265625 0
1726206545768 7.6549072265625 0
1726206548011 7.6549072265625 0
1726206550179 7.6549072265625 0
1726206552375 7.6549072265625 0
1726206554585 7.6549072265625 0
1726206556793 7.6549072265625 0
1726206559064 7.6549072265625 0
1726206561351 7.6549072265625 0
1726206563594 7.6549072265625 0
1726206565794 7.6549072265625 0
1726206567996 7.6549072265625 0
1726206570268 7.6549072265625 0
1726206572480 7.6549072265625 0
1726206574707 7.6549072265625 0
1726206579086 7.6549072265625 0
1726206581268 7.6549072265625 0
1726206583441 7.6549072265625 0
1726206585738 7.6549072265625 0
1726206588020 7.6549072265625 0
1726206590262 7.6549072265625 0
1726206592535 7.6549072265625 0
1726206594871 7.6549072265625 0
1726206597124 7.6549072265625 0
1726206599417 7.6549072265625 0
1726206601603 7.6549072265625 0
1726206603803 7.6549072265625 0
1726206605997 7.6549072265625 0
1726206608263 7.6549072265625 0
1726206610582 7.6549072265625 0
1726206612798 7.6549072265625 0
1726206615076 7.6549072265625 0
1726206617294 7.6549072265625 0
1726206619585 7.6549072265625 0
1726206621827 7.6549072265625 0
