1726205972458 3.7 0
1726205974699 3.1 0
1726205976944 2.9 0
1726205979207 0.6 0
1726205981495 3.7 0
1726205983679 4.0 0
1726205985919 1.9 0
1726205988131 2.8 0
1726205990359 3.6 0
1726205992650 1.5 0
1726205994896 3.0 0
1726205997105 3.6 0
1726205999334 3.9 0
1726206001547 2.5 0
1726206003727 4.1 0
1726206005948 2.3 0
1726206008159 4.3 0
1726206010400 3.5 0
1726206012610 3.0 0
1726206014889 2.8 0
1726206019669 2.7 0
1726206021842 3.0 0
1726206024129 3.9 0
1726206026393 4.0 0
1726206028689 4.2 0
1726206031007 2.4 0
1726206033206 1.2 0
1726206035476 3.4 0
1726206037758 3.6 0
1726206040014 1.4 0
1726206042249 4.3 0
1726206044619 0.0 0
1726206047092 4.1 0
1726206049294 3.3 0
1726206051605 2.5 0
1726206053846 3.6 0
1726206056150 3.3 0
1726206058395 2.9 0
1726206060614 3.6 0
1726206062884 2.6 0
1726206067279 3.5 0
1726206069554 2.7 0
1726206071745 2.8 0
1726206073950 2.3 0
1726206076221 3.4 0
1726206078401 3.3 0
1726206080627 2.4 0
1726206082891 2.0 0
1726206085117 3.2 0
1726206087321 3.6 0
1726206089567 2.6 0
1726206091824 3.0 0
1726206094121 2.2 0
1726206096367 2.7 0
1726206098624 3.0 0
1726206100861 2.3 0
1726206103111 3.0 0
1726206105284 3.0 0
1726206107537 3.8 0
1726206109811 4.1 0
1726206114161 2.2 0
1726206116433 3.3 0
1726206118711 2.4 0
1726206120951 2.9 0
1726206123154 3.2 0
1726206125355 3.4 0
1726206127576 2.9 0
1726206129814 3.2 0
1726206132092 0.0 0
1726206134293 4.0 0
1726206136565 2.2 0
1726206138856 2.4 0
1726206141137 2.7 0
1726206143431 2.2 0
1726206145748 2.3 0
1726206148035 3.1 0
1726206150285 3.7 0
1726206152484 4.4 0
1726206154794 3.4 0
1726206156981 3.3 0
1726206161401 2.7 0
1726206163675 1.9 0
1726206165930 3.6 0
1726206168220 2.6 0
1726206170454 2.9 0
1726206172703 3.2 0
1726206175005 2.9 0
1726206177298 3.4 0
1726206179563 2.1 0
1726206181813 3.2 0
1726206184199 2.2 0
1726206186471 3.8 0
1726206188713 3.3 0
1726206190939 3.0 0
1726206193143 2.8 0
1726206195400 2.6 0
1726206197656 3.3 0
1726206199892 3.5 0
1726206202127 3.2 0
1726206204370 4.0 0
