1726205972471 22.9 0
1726205974713 22.7 0
1726205976954 23.1 0
1726205979221 23.0 0
1726205981507 22.8 0
1726205983695 23.4 0
1726205985932 23.0 0
1726205988144 23.3 0
1726205990372 23.5 0
1726205992664 23.5 0
1726205994916 23.7 0
1726205997117 23.5 0
1726205999345 23.3 0
1726206001562 23.6 0
1726206003739 23.2 0
1726206005960 23.5 0
1726206008175 24.1 0
1726206010415 23.6 0
1726206012623 23.7 0
1726206014901 23.4 0
1726206019681 23.4 0
1726206021857 23.8 0
1726206024143 24.3 0
1726206026405 24.9 0
1726206028702 24.3 0
1726206031020 24.9 0
1726206033225 24.7 0
1726206035489 24.6 0
1726206037775 23.8 0
1726206040028 23.7 0
1726206042263 23.5 0
1726206044637 23.8 0
1726206047105 24.0 0
1726206049309 23.9 0
1726206051623 23.9 0
1726206053861 23.9 0
1726206056165 24.4 0
1726206058407 24.5 0
1726206060627 24.6 0
1726206062896 24.3 0
1726206067292 24.5 0
1726206069570 24.5 0
1726206071757 24.4 0
1726206073962 24.4 0
1726206076235 24.5 0
1726206078412 25.0 0
1726206080643 25.4 0
1726206082902 25.4 0
1726206085128 24.4 0
1726206087332 24.3 0
1726206089578 24.5 0
1726206091839 25.2 0
1726206094132 25.7 0
1726206096379 24.7 0
1726206098635 24.4 0
1726206100876 23.9 0
1726206103123 23.8 0
1726206105296 24.4 0
1726206107551 24.3 0
1726206109816 24.2 0
1726206114178 25.0 0
1726206116445 24.5 0
1726206118723 24.8 0
1726206120962 24.5 0
1726206123169 25.1 0
1726206125368 24.8 0
1726206127588 24.4 0
1726206129827 24.3 0
1726206132109 24.4 0
1726206134306 25.4 0
1726206136581 25.2 0
1726206138868 24.5 0
1726206141152 25.0 0
1726206143449 25.1 0
1726206145763 23.8 0
1726206148052 24.1 0
1726206150298 24.7 0
1726206152504 24.9 0
1726206154808 25.4 0
1726206156993 24.9 0
1726206161413 25.1 0
1726206163688 24.7 0
1726206165945 24.7 0
1726206168234 24.0 0
1726206170468 24.8 0
1726206172716 24.6 0
1726206175020 25.2 0
1726206177313 24.8 0
1726206179576 23.7 0
1726206181829 24.1 0
1726206184216 24.8 0
1726206186487 25.1 0
1726206188725 24.6 0
1726206190951 24.6 0
1726206193157 24.4 0
1726206195412 24.6 0
1726206197668 25.3 0
1726206199904 25.3 0
1726206202140 25.3 0
1726206204382 25.8 0
