1726205972477 7.6549072265625 0
1726205974717 7.6549072265625 0
1726205976960 7.6549072265625 0
1726205979231 7.6549072265625 0
1726205981512 7.6549072265625 0
1726205983703 7.6549072265625 0
1726205985937 7.6549072265625 0
1726205988149 7.6549072265625 0
1726205990378 7.6549072265625 0
1726205992671 7.6549072265625 0
1726205994925 7.6549072265625 0
1726205997123 7.6549072265625 0
1726205999351 7.6549072265625 0
1726206001569 7.6549072265625 0
1726206003746 7.6549072265625 0
1726206005965 7.6549072265625 0
1726206008183 7.6549072265625 0
1726206010424 7.6549072265625 0
1726206012630 7.6549072265625 0
1726206014906 7.6549072265625 0
1726206019687 7.6549072265625 0
1726206021864 7.6549072265625 0
1726206024150 7.6549072265625 0
1726206026410 7.6549072265625 0
1726206028711 7.6549072265625 0
1726206031026 7.6549072265625 0
1726206033233 7.6549072265625 0
1726206035497 7.6549072265625 0
1726206037783 7.6549072265625 0
1726206040037 7.6549072265625 0
1726206042268 7.6549072265625 0
1726206044645 7.6549072265625 0
1726206047109 7.6549072265625 0
1726206049321 7.6549072265625 0
1726206051631 7.6549072265625 0
1726206053868 7.6549072265625 0
1726206056172 7.6549072265625 0
1726206058413 7.6549072265625 0
1726206060633 7.6549072265625 0
1726206062900 7.6549072265625 0
1726206067300 7.6549072265625 0
1726206069580 7.6549072265625 0
1726206071763 7.6549072265625 0
1726206073968 7.6549072265625 0
1726206076244 7.6549072265625 0
1726206078418 7.6549072265625 0
1726206080650 7.6549072265625 0
1726206082908 7.6549072265625 0
1726206085134 7.6549072265625 0
1726206087338 7.6549072265625 0
1726206089582 7.6549072265625 0
1726206091847 7.6549072265625 0
1726206094137 7.6549072265625 0
1726206096384 7.6549072265625 0
1726206098640 7.6549072265625 0
1726206100884 7.6549072265625 0
1726206103127 7.6549072265625 0
1726206105300 7.6549072265625 0
1726206107557 7.6549072265625 0
1726206109820 7.6549072265625 0
1726206114186 7.6549072265625 0
1726206116452 7.6549072265625 0
1726206118728 7.6549072265625 0
1726206120968 7.6549072265625 0
1726206123177 7.6549072265625 0
1726206125373 7.6549072265625 0
1726206127592 7.6549072265625 0
1726206129834 7.6549072265625 0
1726206132118 7.6549072265625 0
1726206134312 7.6549072265625 0
1726206136588 7.6549072265625 0
1726206138874 7.6549072265625 0
1726206141162 7.6549072265625 0
1726206143458 7.6549072265625 0
1726206145773 7.6549072265625 0
1726206148061 7.6549072265625 0
1726206150305 7.6549072265625 0
1726206152513 7.6549072265625 0
1726206154816 7.6549072265625 0
1726206156999 7.6549072265625 0
1726206161417 7.6549072265625 0
1726206163694 7.6549072265625 0
1726206165952 7.6549072265625 0
1726206168241 7.6549072265625 0
1726206170477 7.6549072265625 0
1726206172720 7.6549072265625 0
1726206175028 7.6549072265625 0
1726206177322 7.6549072265625 0
1726206179582 7.6549072265625 0
1726206181836 7.6549072265625 0
1726206184225 7.6549072265625 0
1726206186494 7.6549072265625 0
1726206188731 7.6549072265625 0
1726206190959 7.6549072265625 0
1726206193164 7.6549072265625 0
1726206195416 7.6549072265625 0
1726206197672 7.6549072265625 0
1726206199911 7.6549072265625 0
1726206202146 7.6549072265625 0
1726206204388 7.6549072265625 0
