1726205972483 5.903907775878906 0
1726205974720 5.9170989990234375 0
1726205976964 5.88427734375 0
1726205979237 5.893321990966797 0
1726205981515 5.908470153808594 0
1726205983709 5.86456298828125 0
1726205985940 5.895404815673828 0
1726205988154 5.870136260986328 0
1726205990383 5.853935241699219 0
1726205992676 5.857818603515625 0
1726205994932 5.841365814208984 0
1726205997127 5.856807708740234 0
1726205999355 5.869136810302734 0
1726206001575 5.844692230224609 0
1726206003751 5.8804779052734375 0
1726206005969 5.852783203125 0
1726206008190 5.810325622558594 0
1726206010432 5.84588623046875 0
1726206012635 5.842601776123047 0
1726206014909 5.864112854003906 0
1726206019691 5.866336822509766 0
1726206021870 5.836208343505859 0
1726206024155 5.792583465576172 0
1726206026413 5.747528076171875 0
1726206028717 5.793216705322266 0
1726206031032 5.749885559082031 0
1726206033238 5.764423370361328 0
1726206035502 5.772457122802734 0
1726206037788 5.835369110107422 0
1726206040043 5.8430633544921875 0
1726206042273 5.858028411865234 0
1726206044651 5.833698272705078 0
1726206047113 5.820232391357422 0
1726206049327 5.824821472167969 0
1726206051636 5.826824188232422 0
1726206053873 5.829029083251953 0
1726206056177 5.7888946533203125 0
1726206058418 5.776542663574219 0
1726206060638 5.774192810058594 0
1726206062904 5.792816162109375 0
1726206067306 5.780277252197266 0
1726206069586 5.777313232421875 0
1726206071767 5.78558349609375 0
1726206073973 5.788913726806641 0
1726206076249 5.78302001953125 0
1726206078424 5.742809295654297 0
1726206080656 5.708488464355469 0
1726206082913 5.713871002197266 0
1726206085139 5.785072326660156 0
1726206087343 5.792675018310547 0
1726206089586 5.780895233154297 0
1726206091853 5.727748870849609 0
1726206094142 5.688495635986328 0
1726206096389 5.761909484863281 0
1726206098644 5.786537170410156 0
1726206100890 5.823982238769531 0
1726206103131 5.833412170410156 0
1726206105304 5.783977508544922 0
1726206107561 5.7973785400390625 0
1726206109823 5.803104400634766 0
1726206114191 5.74444580078125 0
1726206116456 5.779193878173828 0
1726206118732 5.754772186279297 0
1726206120972 5.779075622558594 0
1726206123183 5.730690002441406 0
1726206125376 5.754463195800781 0
1726206127595 5.7875213623046875 0
1726206129840 5.796276092529297 0
1726206132124 5.790443420410156 0
1726206134317 5.712337493896484 0
1726206136593 5.72760009765625 0
1726206138878 5.779712677001953 0
1726206141169 5.737789154052734 0
1726206143465 5.7335662841796875 0
1726206145779 5.829803466796875 0
1726206148067 5.806793212890625 0
1726206150310 5.766563415527344 0
1726206152519 5.746395111083984 0
1726206154822 5.709041595458984 0
1726206157005 5.746349334716797 0
1726206161421 5.731678009033203 0
1726206163700 5.761455535888672 0
1726206165957 5.764705657958984 0
1726206168246 5.818721771240234 0
1726206170484 5.759681701660156 0
1726206172723 5.773517608642578 0
1726206175034 5.724491119384766 0
1726206177329 5.753082275390625 0
1726206179588 5.837932586669922 0
1726206181842 5.81292724609375 0
1726206184231 5.75762939453125 0
1726206186500 5.731056213378906 0
1726206188736 5.768619537353516 0
1726206190964 5.774097442626953 0
1726206193169 5.790706634521484 0
1726206195420 5.770069122314453 0
1726206197676 5.718044281005859 0
1726206199915 5.714607238769531 0
1726206202152 5.716529846191406 0
1726206204393 5.680778503417969 0
