1726207245725 3.0 0
1726207251862 2.9 0
1726207258042 3.2 0
1726207264417 2.6 0
1726207270629 1.9 0
1726207276890 3.3 0
1726207283083 2.5 0
1726207289300 2.5 0
1726207295546 2.9 0
1726207301786 3.9 0
1726207308002 3.2 0
1726207314317 1.9 0
1726207320782 1.4 0
1726207327003 2.5 0
1726207333347 2.9 0
1726207339626 2.0 0
1726207345837 2.3 0
1726207352192 1.5 0
1726207358575 3.8 0
1726207364984 3.2 0
1726207371272 3.3 0
1726207377515 2.6 0
1726207383758 2.4 0
1726207390129 2.6 0
1726207396512 3.3 0
1726207402887 4.3 0
1726208465148 2.9 0
1726208471026 4.3 0
1726208476910 1.4 0
1726208482800 1.4 0
1726208565046 3.3 0
1726208571287 4.0 0
1726208577615 3.4 0
1726208584009 4.0 0
1726208590257 3.0 0
1726208596580 3.9 0
1726208602858 3.6 0
1726208609159 2.7 0
1726208615537 2.7 0
1726208621797 3.6 0
1726208628084 3.8 0
1726208634697 2.9 0
1726208640982 3.9 0
1726208647322 2.9 0
1726208653562 3.3 0
1726208659831 3.0 0
1726208666207 4.9 0
1726208672416 3.2 0
1726208678731 5.1 0
1726208684947 3.5 0
1726208691180 3.1 0
1726208794784 3.4 0
1726208800769 3.8 0
1726208806741 3.5 0
1726208812627 2.4 0
1726208818565 3.7 0
1726208824326 4.2 0
1726208830100 3.4 0
1726208835941 3.3 0
1726208841850 4.2 0
1726208847649 3.6 0
1726208853572 3.7 0
1726208859456 4.1 0
1726208865349 4.2 0
1726208871216 4.0 0
1726208877201 3.6 0
1726208883152 3.1 0
1726208889057 4.2 0
1726208895014 4.6 0
1726208900949 0.1 0
1726208906830 3.8 0
1726208912730 3.4 0
1726209095860 3.2 0
1726209101752 3.6 0
1726209107895 2.1 0
1726209113773 3.2 0
1726209119823 3.1 0
1726209125939 4.2 0
1726209131855 4.5 0
1726209137831 4.0 0
1726209143843 3.3 0
1726209149928 2.7 0
1726209156302 3.3 0
1726209162249 2.1 0
1726209168156 3.0 0
1726209174099 3.5 0
1726209179976 2.5 0
1726209185835 3.5 0
1726209191691 3.0 0
1726209197687 3.7 0
1726209203653 2.4 0
1726209209492 4.0 0
1726209215421 3.4 0
1726209221419 3.3 0
1726209227541 2.4 0
1726209233657 3.5 0
1726209239654 3.3 0
1726209245434 3.2 0
1726209251327 3.0 0
1726209257252 4.1 0
1726209263170 3.0 0
1726209269107 2.6 0
1726209275016 3.2 0
1726209280925 2.7 0
1726209286816 3.3 0
1726209292751 2.7 0
1726209298585 3.9 0
1726209304561 2.7 0
1726209310485 2.7 0
1726209316627 3.2 0
1726209322603 3.8 0
1726209328545 1.4 0
1726209334381 3.6 0
1726209340284 2.5 0
1726209346096 2.5 0
1726209352007 4.2 0
1726209357922 3.8 0
1726209363891 0.0 0
1726209369796 4.2 0
1726209375947 3.5 0
1726209381917 3.5 0
1726209388107 1.5 0
1726209394209 2.9 0
1726209400255 2.8 0
1726209406470 4.3 0
1726209412387 4.0 0
1726209418162 3.1 0
1726209424214 3.9 0
1726209430152 1.5 0
1726209436106 3.1 0
1726209442057 2.8 0
1726209448156 2.4 0
