1726207245738 29.4 0
1726207251875 29.6 0
1726207258054 29.9 0
1726207264430 29.8 0
1726207270642 29.7 0
1726207276902 30.0 0
1726207283096 29.8 0
1726207289312 30.6 0
1726207295562 30.6 0
1726207301799 30.4 0
1726207308015 30.4 0
1726207314329 30.5 0
1726207320794 30.1 0
1726207327016 30.4 0
1726207333360 30.3 0
1726207339639 29.8 0
1726207345854 30.5 0
1726207352204 30.3 0
1726207358592 29.8 0
1726207365004 30.5 0
1726207371284 30.2 0
1726207377526 30.0 0
1726207383772 30.2 0
1726207390140 30.2 0
1726207396524 30.4 0
1726207402900 29.9 0
1726208465160 31.1 0
1726208471042 32.9 0
1726208476922 33.1 0
1726208482812 32.7 0
1726208565069 33.3 0
1726208571302 33.4 0
1726208577630 34.5 0
1726208584025 34.4 0
1726208590271 34.1 0
1726208596595 34.1 0
1726208602875 34.6 0
1726208609173 35.4 0
1726208615553 34.5 0
1726208621809 34.3 0
1726208628098 34.5 0
1726208634716 33.8 0
1726208640993 34.1 0
1726208647335 34.4 0
1726208653574 34.7 0
1726208659851 34.4 0
1726208666221 34.8 0
1726208672429 34.6 0
1726208678752 34.8 0
1726208684960 35.7 0
1726208691192 35.5 0
1726208794795 35.1 0
1726208800786 34.4 0
1726208806760 34.4 0
1726208812639 34.7 0
1726208818579 35.5 0
1726208824338 36.1 0
1726208830119 35.8 0
1726208835956 35.5 0
1726208841865 35.8 0
1726208847660 35.6 0
1726208853587 35.6 0
1726208859468 35.8 0
1726208865362 35.5 0
1726208871230 36.1 0
1726208877214 36.0 0
1726208883165 35.5 0
1726208889068 36.5 0
1726208895027 35.7 0
1726208900960 34.8 0
1726208906844 34.9 0
1726208912747 35.9 0
1726209095880 34.9 0
1726209101769 35.6 0
1726209107909 34.2 0
1726209113786 35.2 0
1726209119839 34.8 0
1726209125951 35.2 0
1726209131873 35.1 0
1726209137852 36.2 0
1726209143862 34.6 0
1726209149942 35.0 0
1726209156318 35.8 0
1726209162262 35.8 0
1726209168173 35.9 0
1726209174111 35.9 0
1726209179997 35.6 0
1726209185848 35.4 0
1726209191703 35.7 0
1726209197702 35.5 0
1726209203667 34.8 0
1726209209503 35.5 0
1726209215432 35.3 0
1726209221434 35.1 0
1726209227558 36.4 0
1726209233677 34.9 0
1726209239667 35.0 0
1726209245447 35.5 0
1726209251343 34.5 0
1726209257270 35.5 0
1726209263190 35.8 0
1726209269119 35.9 0
1726209275028 36.6 0
1726209280937 36.5 0
1726209286835 36.0 0
1726209292766 35.3 0
1726209298597 36.7 0
1726209304573 35.5 0
1726209310504 36.0 0
1726209316645 36.1 0
1726209322619 35.6 0
1726209328562 35.7 0
1726209334393 36.2 0
1726209340298 35.2 0
1726209346110 34.7 0
1726209352020 34.5 0
1726209357935 35.9 0
1726209363911 36.7 0
1726209369815 36.1 0
1726209375960 35.7 0
1726209381933 35.5 0
1726209388118 34.9 0
1726209394223 34.6 0
1726209400272 36.0 0
1726209406482 36.0 0
1726209412400 35.3 0
1726209418175 35.5 0
1726209424225 35.4 0
1726209430163 34.9 0
1726209436118 35.1 0
1726209442073 34.9 0
1726209448170 35.1 0
