1726207245746 5.406425476074219 0
1726207251885 5.392704010009766 0
1726207258063 5.369438171386719 0
1726207264439 5.370872497558594 0
1726207270654 5.38275146484375 0
1726207276910 5.3584747314453125 0
1726207283106 5.372703552246094 0
1726207289322 5.314300537109375 0
1726207295577 5.316036224365234 0
1726207301807 5.3245697021484375 0
1726207308025 5.329814910888672 0
1726207314338 5.316856384277344 0
1726207320802 5.350048065185547 0
1726207327024 5.331573486328125 0
1726207333368 5.337863922119141 0
1726207339646 5.371368408203125 0
1726207345866 5.320648193359375 0
1726207352214 5.335792541503906 0
1726207358604 5.374340057373047 0
1726207365020 5.323017120361328 0
1726207371292 5.340671539306641 0
1726207377536 5.357257843017578 0
1726207383784 5.340602874755859 0
1726207390150 5.345550537109375 0
1726207396534 5.330051422119141 0
1726207402910 5.369300842285156 0
1726208465169 5.271785736083984 0
1726208471057 5.1371307373046875 0
1726208476931 5.1222076416015625 0
1726208482822 5.1531524658203125 0
1726208565085 5.1063079833984375 0
1726208571316 5.094402313232422 0
1726208577644 5.015048980712891 0
1726208584038 5.022247314453125 0
1726208590284 5.042396545410156 0
1726208596611 5.045921325683594 0
1726208602888 5.002864837646484 0
1726208609185 4.948535919189453 0
1726208615568 5.016304016113281 0
1726208621819 5.0279083251953125 0
1726208628109 5.0169677734375 0
1726208634730 5.069423675537109 0
1726208641003 5.044284820556641 0
1726208647344 5.0214996337890625 0
1726208653583 5.000644683837891 0
1726208659868 5.018627166748047 0
1726208666232 4.994224548339844 0
1726208672437 5.00543212890625 0
1726208678767 4.987220764160156 0
1726208684969 4.92425537109375 0
1726208691200 4.934417724609375 0
1726208794806 4.9712677001953125 0
1726208800801 5.023551940917969 0
1726208806776 5.0241546630859375 0
1726208812650 4.997951507568359 0
1726208818590 4.935276031494141 0
1726208824347 4.889583587646484 0
1726208830134 4.915439605712891 0
1726208835968 4.93585205078125 0
1726208841877 4.912109375 0
1726208847669 4.926307678222656 0
1726208853602 4.926776885986328 0
1726208859476 4.915752410888672 0
1726208865370 4.939037322998047 0
1726208871245 4.889488220214844 0
1726208877226 4.902484893798828 0
1726208883173 4.933864593505859 0
1726208889079 4.863483428955078 0
1726208895036 4.924552917480469 0
1726208900971 4.988666534423828 0
1726208906853 4.983551025390625 0
1726208912761 4.9050750732421875 0
1726209095897 4.982627868652344 0
1726209101782 4.9303741455078125 0
1726209107919 5.036067962646484 0
1726209113798 4.961597442626953 0
1726209119851 4.987590789794922 0
1726209125964 4.9595794677734375 0
1726209131886 4.967456817626953 0
1726209137867 4.881019592285156 0
1726209143879 5.0100250244140625 0
1726209149981 4.973453521728516 0
1726209156332 4.915180206298828 0
1726209162270 4.914485931396484 0
1726209168186 4.906700134277344 0
1726209174120 4.90740966796875 0
1726209180011 4.929851531982422 0
1726209185858 4.945255279541016 0
1726209191714 4.923198699951172 0
1726209197718 4.936603546142578 0
1726209203680 4.993415832519531 0
1726209209514 4.935672760009766 0
1726209215440 4.949165344238281 0
1726209221446 4.965057373046875 0
1726209227573 4.868091583251953 0
1726209233692 4.982700347900391 0
1726209239675 4.977901458740234 0
1726209245455 4.934284210205078 0
1726209251357 5.014366149902344 0
1726209257286 4.935009002685547 0
1726209263206 4.913898468017578 0
1726209269131 4.907489776611328 0
1726209275038 4.8525848388671875 0
1726209280945 4.8625640869140625 0
1726209286851 4.90069580078125 0
1726209292781 4.952171325683594 0
1726209298606 4.848163604736328 0
1726209304583 4.937435150146484 0
1726209310518 4.896358489990234 0
1726209316660 4.894905090332031 0
1726209322633 4.932273864746094 0
1726209328577 4.918933868408203 0
1726209334401 4.8873138427734375 0
1726209340309 4.958770751953125 0
1726209346124 4.996967315673828 0
1726209352032 5.010169982910156 0
1726209357942 4.906120300292969 0
1726209363928 4.844291687011719 0
1726209369829 4.8892822265625 0
1726209375972 4.919025421142578 0
1726209381947 4.940448760986328 0
1726209388128 4.985233306884766 0
1726209394233 5.0025177001953125 0
1726209400287 4.8975067138671875 0
1726209406492 4.896919250488281 0
1726209412412 4.94915771484375 0
1726209418187 4.939453125 0
1726209424234 4.946453094482422 0
1726209430173 4.985904693603516 0
1726209436127 4.9708251953125 0
1726209442086 4.985042572021484 0
1726209448183 4.9668121337890625 0
