1726207245743 7.6549072265625 0
1726207251881 7.6549072265625 0
1726207258059 7.6549072265625 0
1726207264435 7.6549072265625 0
1726207270649 7.6549072265625 0
1726207276907 7.6549072265625 0
1726207283102 7.6549072265625 0
1726207289317 7.6549072265625 0
1726207295570 7.6549072265625 0
1726207301804 7.6549072265625 0
1726207308021 7.6549072265625 0
1726207314334 7.6549072265625 0
1726207320799 7.6549072265625 0
1726207327020 7.6549072265625 0
1726207333364 7.6549072265625 0
1726207339643 7.6549072265625 0
1726207345860 7.6549072265625 0
1726207352210 7.6549072265625 0
1726207358599 7.6549072265625 0
1726207365013 7.6549072265625 0
1726207371289 7.6549072265625 0
1726207377532 7.6549072265625 0
1726207383779 7.6549072265625 0
1726207390146 7.6549072265625 0
1726207396529 7.6549072265625 0
1726207402906 7.6549072265625 0
1726208465165 7.6549072265625 0
1726208471052 7.6549072265625 0
1726208476927 7.6549072265625 0
1726208482817 7.6549072265625 0
1726208565078 7.6549072265625 0
1726208571310 7.6549072265625 0
1726208577639 7.6549072265625 0
1726208584032 7.6549072265625 0
1726208590278 7.6549072265625 0
1726208596605 7.6549072265625 0
1726208602883 7.6549072265625 0
1726208609180 7.6549072265625 0
1726208615562 7.6549072265625 0
1726208621815 7.6549072265625 0
1726208628104 7.6549072265625 0
1726208634724 7.6549072265625 0
1726208640998 7.6549072265625 0
1726208647340 7.6549072265625 0
1726208653579 7.6549072265625 0
1726208659860 7.6549072265625 0
1726208666227 7.6549072265625 0
1726208672433 7.6549072265625 0
1726208678761 7.6549072265625 0
1726208684965 7.6549072265625 0
1726208691197 7.6549072265625 0
1726208794801 7.6549072265625 0
1726208800795 7.6549072265625 0
1726208806769 7.6549072265625 0
1726208812645 7.6549072265625 0
1726208818585 7.6549072265625 0
1726208824343 7.6549072265625 0
1726208830129 7.6549072265625 0
1726208835963 7.6549072265625 0
1726208841872 7.6549072265625 0
1726208847665 7.6549072265625 0
1726208853597 7.6549072265625 0
1726208859472 7.6549072265625 0
1726208865366 7.6549072265625 0
1726208871238 7.6549072265625 0
1726208877221 7.6549072265625 0
1726208883169 7.6549072265625 0
1726208889074 7.6549072265625 0
1726208895032 7.6549072265625 0
1726208900966 7.6549072265625 0
1726208906849 7.6549072265625 0
1726208912756 7.6549072265625 0
1726209095891 7.6549072265625 0
1726209101777 7.6549072265625 0
1726209107914 7.6549072265625 0
1726209113792 7.6549072265625 0
1726209119846 7.6549072265625 0
1726209125959 7.6549072265625 0
1726209131880 7.6549072265625 0
1726209137860 7.6549072265625 0
1726209143871 7.6549072265625 0
1726209149970 7.6549072265625 0
1726209156326 7.6549072265625 0
1726209162266 7.6549072265625 0
1726209168181 7.6549072265625 0
1726209174116 7.6549072265625 0
1726209180005 7.6549072265625 0
1726209185854 7.6549072265625 0
1726209191710 7.6549072265625 0
1726209197711 7.6549072265625 0
1726209203675 7.6549072265625 0
1726209209509 7.6549072265625 0
1726209215437 7.6549072265625 0
1726209221441 7.6549072265625 0
1726209227567 7.6549072265625 0
1726209233686 7.6549072265625 0
1726209239671 7.6549072265625 0
1726209245451 7.6549072265625 0
1726209251351 7.6549072265625 0
1726209257280 7.6549072265625 0
1726209263199 7.6549072265625 0
1726209269125 7.6549072265625 0
1726209275034 7.6549072265625 0
1726209280942 7.6549072265625 0
1726209286844 7.6549072265625 0
1726209292775 7.6549072265625 0
1726209298602 7.6549072265625 0
1726209304577 7.6549072265625 0
1726209310512 7.6549072265625 0
1726209316654 7.6549072265625 0
1726209322628 7.6549072265625 0
1726209328571 7.6549072265625 0
1726209334397 7.6549072265625 0
1726209340304 7.6549072265625 0
1726209346118 7.6549072265625 0
1726209352027 7.6549072265625 0
1726209357939 7.6549072265625 0
1726209363920 7.6549072265625 0
1726209369823 7.6549072265625 0
1726209375966 7.6549072265625 0
1726209381941 7.6549072265625 0
1726209388123 7.6549072265625 0
1726209394228 7.6549072265625 0
1726209400279 7.6549072265625 0
1726209406487 7.6549072265625 0
1726209412407 7.6549072265625 0
1726209418182 7.6549072265625 0
1726209424230 7.6549072265625 0
1726209430169 7.6549072265625 0
1726209436124 7.6549072265625 0
1726209442080 7.6549072265625 0
1726209448178 7.6549072265625 0
