1726207244698 0.517 0
1726207250840 0.427 1
1726207257019 0.409 2
1726207263397 0.403 3
1726207269608 0.397 4
1726207275870 0.391 5
1726207282055 0.391 6
1726207288281 0.386 7
1726207294521 0.38 8
1726207300767 0.385 9
1726207306977 0.378 10
1726207313295 0.38 11
1726207319759 0.379 12
1726207325980 0.374 13
1726207332324 0.368 14
1726207338601 0.366 15
1726207344811 0.372 16
1726207351168 0.367 17
1726207357553 0.368 18
1726207363962 0.363 19
1726207370247 0.359 20
1726207376494 0.362 21
1726207382742 0.364 22
1726207389107 0.361 23
1726207395494 0.354 24
1726207401866 0.359 25
1726208464119 0.358 0
1726208470005 0.352 1
1726208475888 0.357 2
1726208481767 0.351 3
1726208564021 0.352 0
1726208570267 0.35 1
1726208576594 0.346 2
1726208582986 0.347 3
1726208589233 0.344 4
1726208595560 0.348 5
1726208601838 0.344 6
1726208608141 0.341 7
1726208614508 0.345 8
1726208620776 0.336 9
1726208627061 0.342 10
1726208633678 0.347 11
1726208639962 0.339 12
1726208646298 0.336 13
1726208652540 0.337 14
1726208658806 0.338 15
1726208665186 0.338 16
1726208671394 0.335 17
1726208677712 0.33 18
1726208683930 0.33 19
1726208690156 0.333 20
1726208793765 0.336 0
1726208799747 0.328 1
1726208805721 0.332 2
1726208811604 0.328 3
1726208817541 0.331 4
1726208823305 0.329 5
1726208829075 0.33 6
1726208834916 0.328 7
1726208840830 0.321 8
1726208846623 0.32 9
1726208852550 0.326 10
1726208858437 0.324 11
1726208864332 0.328 12
1726208870197 0.32 13
1726208876180 0.318 14
1726208882129 0.318 15
1726208888036 0.318 16
1726208893996 0.324 17
1726208899893 0.32 18
1726208905811 0.315 19
1726208911715 0.312 20
1726209094834 0.326 0
1726209100727 0.316 1
1726209106866 0.315 2
1726209112753 0.31 3
1726209118801 0.312 4
1726209124917 0.314 5
1726209130839 0.313 6
1726209136811 0.311 7
1726209142818 0.317 8
1726209148911 0.311 9
1726209155279 0.315 10
1726209161233 0.305 11
1726209167133 0.316 12
1726209173081 0.31 13
1726209178947 0.309 14
1726209184811 0.311 15
1726209190667 0.307 16
1726209196665 0.304 17
1726209202626 0.308 18
1726209208473 0.301 19
1726209214404 0.313 20
1726209220396 0.309 21
1726209226513 0.315 22
1726209232634 0.306 23
1726209238631 0.297 24
1726209244411 0.301 25
1726209250308 0.303 26
1726209256235 0.305 27
1726209262153 0.303 28
1726209268081 0.296 29
1726209273991 0.305 30
1726209279899 0.299 31
1726209285792 0.302 32
1726209291722 0.3 33
1726209297563 0.301 34
1726209303541 0.295 35
1726209309453 0.296 36
1726209315602 0.297 37
1726209321581 0.297 38
1726209327516 0.297 39
1726209333361 0.287 40
1726209339262 0.291 41
1726209345073 0.287 42
1726209350988 0.296 43
1726209356900 0.291 44
1726209362842 0.287 45
1726209368782 0.288 46
1726209374923 0.282 47
1726209380896 0.282 48
1726209387089 0.278 49
1726209393183 0.28 50
1726209399226 0.276 51
1726209405448 0.285 52
1726209411366 0.289 53
1726209417138 0.285 54
1726209423190 0.281 55
1726209429130 0.276 56
1726209435086 0.285 57
1726209441034 0.281 58
1726209447132 0.279 59
